0.0984139 0.00470245 7.28418 0.00890394 6.7398 -3.96 0
0.196687 0.00608493 7.16084 0.00988336 6.60836 -3.92 0
0.295406 0.00671749 7.03763 0.0109685 6.47706 -3.88 0
0.393948 0.00741381 6.91403 0.0121758 6.34537 -3.84 0
0.492645 0.00818568 6.79058 0.0135129 6.21387 -3.8 0
0.592776 0.00903576 6.667 0.0149971 6.08223 -3.76 0
0.69286 0.00997242 6.54214 0.0166599 5.94929 -3.72 0
0.790924 0.0110197 6.41733 0.0185042 5.81641 -3.68 0
0.889271 0.0121797 6.29433 0.0205195 5.68544 -3.64 0
0.988327 0.0134367 6.17109 0.0227556 5.55422 -3.6 0
1.08875 0.0148246 6.04721 0.0252445 5.42238 -3.56 0
1.19074 0.0163616 5.92212 0.0280285 5.28929 -3.52 0
1.29136 0.0180739 5.79562 0.031149 5.15478 -3.48 0
1.39175 0.0199907 5.67037 0.0345747 5.02158 -3.44 0
1.49195 0.0220851 5.54532 0.0383616 4.88862 -3.4 0
1.59233 0.024392 5.42045 0.0425464 4.75588 -3.36 0
1.69082 0.0269321 5.29543 0.0471799 4.62302 -3.32 0
1.78935 0.0297395 5.17212 0.0522305 4.49195 -3.28 0
1.88861 0.0327877 5.04878 0.0578037 4.3609 -3.24 0
1.98941 0.0361423 4.92478 0.0639815 4.22922 -3.2 0
2.09079 0.0398532 4.79943 0.0708674 4.09617 -3.16 0
2.1944 0.0439835 4.67357 0.0784909 3.96264 -3.12 0
2.29426 0.0485525 4.54573 0.0870257 3.82712 -3.08 0
2.39285 0.0536556 4.42126 0.0961799 3.69516 -3.04 0
2.49127 0.0591308 4.29794 0.10614 3.56444 -3 0
2.58978 0.0650905 4.17477 0.117042 3.43395 -2.96 0
2.68827 0.0716206 4.05155 0.12898 3.30349 -2.92 0
2.78668 0.0787813 3.92835 0.142025 3.17315 -2.88 0
2.88515 0.0866234 3.80525 0.156249 3.043 -2.84 0
2.98397 0.0952009 3.68212 0.171746 2.91293 -2.80018 0.00359352
3.08342 0.103941 3.55722 0.187347 2.7835 -2.76108 0.0119282
3.18227 0.113156 3.4303 0.203354 2.6553 -2.72325 0.0248841
3.2813 0.123002 3.30306 0.2197 2.53015 -2.68725 0.0422748
3.37974 0.13335 3.1755 0.236316 2.40805 -2.65359 0.0638504
3.47781 0.144092 3.049 0.252714 2.29037 -2.62275 0.0893004
3.576 0.155036 2.92409 0.268681 2.17758 -2.59305 0.116089
3.67413 0.168075 2.80006 0.286665 2.06724 -2.56334 0.142877
3.77226 0.183029 2.67666 0.306299 1.95822 -2.53412 0.170181
3.87027 0.198446 2.55418 0.325739 1.85127 -2.50538 0.198001
3.96853 0.214692 2.43282 0.345166 1.74673 -2.47664 0.22582
4.06669 0.232412 2.31212 0.365339 1.64388 -2.4479 0.25364
4.16452 0.25105 2.19251 0.385204 1.54332 -2.41946 0.281776
4.26237 0.270026 2.0745 0.403803 1.44598 -2.38863 0.307232
4.36038 0.294271 1.95625 0.427157 1.34815 -2.35498 0.328813
4.45824 0.321628 1.83754 0.453156 1.24905 -2.32132 0.350395
4.55613 0.345395 1.72024 0.472161 1.15367 -2.30481 0.361691
4.65444 0.360229 1.62345 0.503359 1.07049 -2.27398 0.387146
4.75257 0.383269 1.5109 0.494236 0.987511 -2.24642 0.41611
4.85071 0.398552 1.40349 0.489387 0.915273 -2.21717 0.443368
4.94905 0.423201 1.29764 0.489464 0.84742 -2.18634 0.468824
5.04694 0.447796 1.19362 0.481065 0.784828 -2.15878 0.497787
5.14483 0.456666 1.09693 0.470913 0.736095 -2.133 0.528351
5.24289 0.463232 1.00701 0.492382 0.699395 -2.10375 0.55561
5.34088 0.48121 0.919233 0.510841 0.668692 -2.07619 0.584573
5.43887 0.474421 0.840125 0.521225 0.651742 -2.05229 0.616628
5.53619 0.449763 0.773401 0.521983 0.650513 -2.03104 0.650514
5.634 0.480379 0.719776 1.8481e-23 0.662981 -2.01292 0.686157
5.73473 0.503606 0.680638 2.51101e-24 0.687931 -1.99921 0.723713
5.83208 0.517452 0.657876 1.36608e-25 0.724323 -1.99009 0.76264
5.92961 0.520095 0.653576 3.5827e-27 0.769835 -1.97864 0.80095
