0.135476 0.139526 3.23351 0.00850557 6.7566 -3.9405 -0.392826
0.271229 0.160139 3.03839 0.0101516 6.56337 -3.88068 -0.389232
0.40678 0.185276 2.84327 0.0117055 6.36941 -3.84086 -0.392826
0.545681 0.211298 2.6675 0.0130231 6.19696 -3.78093 -0.392826
0.680883 0.242045 2.47284 0.0154947 5.99669 -3.72197 -0.382097
0.819708 0.274079 2.2804 0.0186624 5.80277 -3.66589 -0.360986
0.956502 0.308988 2.08439 0.0221262 5.61047 -3.62989 -0.343595
1.09361 0.345646 1.91665 0.0253591 5.43455 -3.57849 -0.312784
1.23241 0.380903 1.73482 0.0297436 5.2416 -3.53185 -0.275072
1.36967 0.419684 1.55596 0.0343631 5.05297 -3.48063 -0.243927
1.50997 0.475071 1.3728 0.0400019 4.86443 -3.44738 -0.221721
1.6491 0.529254 1.20556 0.0457664 4.69096 -3.40101 -0.183649
1.78665 0.570283 1.03085 0.0527371 4.50502 -3.3548 -0.145379
1.92229 0.619261 0.868132 0.0611739 4.31474 -3.31103 -0.104331
2.058 0.665121 0.713103 0.070107 4.13191 -3.26731 -0.0632453
2.19687 0.710411 0.568204 0.080819 3.94741 -3.22466 -0.021071
2.33299 0.752931 0.430142 0.0926175 3.76575 -3.19596 0.00679734
2.46788 0.800397 0.317879 0.106435 3.59729 -3.15292 0.0485999
2.60286 0.821573 0.225446 0.120812 3.41553 -3.11018 0.0907044
2.74009 0.867281 0.166883 0.138342 3.23345 -3.06758 0.13296
