0.0510848 0.00456161 7.32372 0.00861927 6.78071 -3.98 0
0.102185 0.00560424 7.26036 0.00909371 6.71325 -3.94 0
0.15326 0.0063264 7.17958 0.0097472 6.62583 -3.92 0
0.204356 0.00629816 7.11622 0.0102832 6.55838 -3.9 0
0.25539 0.00662597 7.05285 0.0108486 6.49092 -3.88 0
0.306573 0.00697148 6.98954 0.0114444 6.42352 -3.86 0
0.357656 0.00733299 6.9261 0.0120739 6.35598 -3.84 0
0.408657 0.00771599 6.86274 0.0127367 6.28854 -3.82 0
0.459662 0.00811817 6.79946 0.0134348 6.22118 -3.8 0
0.510703 0.00853996 6.73618 0.0141709 6.15383 -3.78 0
0.56173 0.00898327 6.67287 0.0149472 6.08644 -3.76 0
0.612801 0.0094502 6.60957 0.0157654 6.01908 -3.74 0
0.663886 0.00994057 6.54623 0.0166285 5.95168 -3.72 0
0.714967 0.0104569 6.48289 0.0175385 5.88427 -3.7 0
0.765985 0.0110002 6.41954 0.0184975 5.81687 -3.68 0
0.817097 0.0115721 6.35626 0.0195074 5.74954 -3.66 0
0.868143 0.0121712 6.29289 0.0205731 5.68213 -3.64 0
0.919265 0.0128039 6.22959 0.0216952 5.61478 -3.62 0
0.970326 0.0134668 6.16622 0.0228787 5.54737 -3.6 0
1.02133 0.0141663 6.1029 0.0241247 5.48003 -3.58 0
1.07251 0.014901 6.03964 0.0254365 5.41275 -3.56 0
1.12361 0.0156698 5.97622 0.0268217 5.34531 -3.54 0
1.17461 0.0164835 5.91287 0.0282794 5.27795 -3.52 0
1.22565 0.0173386 5.84963 0.0298124 5.2107 -3.5 0
1.27673 0.0182337 5.78633 0.0314281 5.1434 -3.48 0
1.32781 0.0191756 5.72301 0.0331303 5.07609 -3.46 0
1.37892 0.0201666 5.65969 0.0349227 5.00878 -3.44 0
1.43004 0.0212078 5.59634 0.0368104 4.94146 -3.42 0
1.48097 0.0223028 5.533 0.0387978 4.87414 -3.4 0
1.53202 0.0234574 5.46982 0.0408843 4.80701 -3.38 0
1.58313 0.0246616 5.40653 0.0430839 4.73976 -3.36 0
1.63395 0.0259306 5.34319 0.0454002 4.67248 -3.34 0
1.68492 0.027272 5.28012 0.0478272 4.60548 -3.32 0
1.736 0.0286667 5.21692 0.0503851 4.53835 -3.3 0
1.78713 0.0301349 5.15362 0.0530798 4.47113 -3.28 0
1.83803 0.0316815 5.09027 0.0559155 4.40388 -3.26 0
1.88912 0.0333138 5.02714 0.0588873 4.33685 -3.24 0
1.94008 0.0350124 4.96384 0.0620193 4.26966 -3.22 0
1.99096 0.0368089 4.90065 0.0653052 4.2026 -3.2 0
2.04222 0.0386911 4.83755 0.0687535 4.13564 -3.18 0
2.09332 0.0406523 4.7741 0.0723953 4.06834 -3.16 0
2.14444 0.0427372 4.7108 0.0762123 4.0012 -3.14 0
2.19556 0.0449163 4.64749 0.0802213 3.93407 -3.12 0
2.24639 0.0472046 4.58418 0.0844302 3.86694 -3.1 0
2.29748 0.0496155 4.52113 0.0888297 3.80011 -3.08 0
2.34855 0.0521181 4.45785 0.0934622 3.73305 -3.06 0
2.39964 0.0547625 4.3946 0.0983194 3.66603 -3.04 0
2.45073 0.0575341 4.33134 0.103414 3.59902 -3.02 0
2.50187 0.0604429 4.26807 0.108756 3.53202 -2.98 0
2.55303 0.06705 4.1871 0.11606 3.44523 -2.96 0
2.60495 0.0677039 4.12377 0.12201 3.37823 -2.94 0
2.65618 0.0710845 4.05977 0.128307 3.31055 -2.92 0
2.70759 0.0747191 3.99639 0.134837 3.24354 -2.9 0
2.75893 0.0784613 3.93285 0.141688 3.17638 -2.88 0
2.8106 0.0824036 3.86939 0.148845 3.10934 -2.86 0
2.86168 0.0865128 3.80563 0.156362 3.04201 -2.84 0
2.91359 0.0908751 3.74241 0.164155 2.97526 -2.82004 0.00119928
2.96487 0.0949517 3.67792 0.171691 2.90802 -2.80018 0.00359352
3.01637 0.0993074 3.61357 0.179336 2.84173 -2.7805 0.00717412
3.06782 0.10376 3.54864 0.1872 2.77569 -2.76108 0.0119282
3.11957 0.1084 3.48346 0.195208 2.71023 -2.74197 0.0178386
3.17057 0.113191 3.4178 0.203417 2.64511 -2.72325 0.0248841
3.22143 0.118174 3.35267 0.211542 2.58139 -2.70499 0.0330393
3.27263 0.123228 3.28763 0.219763 2.5186 -2.68725 0.0422748
3.32376 0.128399 3.22232 0.228147 2.45638 -2.6701 0.0525576
3.37468 0.133713 3.15721 0.236476 2.3952 -2.65359 0.0638504
3.42586 0.139113 3.09249 0.244721 2.33525 -2.63779 0.0761128
3.47679 0.144591 3.02787 0.25305 2.27622 -2.62275 0.0893004
3.52782 0.150124 2.96387 0.261114 2.21862 -2.6079 0.102695
3.57858 0.156732 2.90002 0.270412 2.16145 -2.59305 0.116089
3.62969 0.163855 2.83652 0.28006 2.10481 -2.5782 0.129483
3.68079 0.171262 2.77288 0.290145 2.04819 -2.56334 0.142877
3.73192 0.178939 2.7094 0.300276 1.99191 -2.54849 0.156271
3.78304 0.186887 2.64606 0.310576 1.93597 -2.53412 0.170181
3.83435 0.194123 2.58317 0.319814 1.88106 -2.51975 0.184091
3.88577 0.202515 2.52031 0.330232 1.8264 -2.50538 0.198001
3.93653 0.211181 2.45757 0.34071 1.7721 -2.49101 0.211911
3.98792 0.22003 2.39563 0.350746 1.71886 -2.47664 0.22582
4.03875 0.229201 2.33338 0.361519 1.66559 -2.46227 0.23973
4.09055 0.238557 2.27188 0.371566 1.61338 -2.4479 0.25364
4.1427 0.24827 2.20982 0.382529 1.56092 -2.43368 0.267708
4.19366 0.257867 2.14787 0.392669 1.50903 -2.41946 0.281776
4.24425 0.267885 2.08723 0.401949 1.45885 -2.40443 0.294967
4.29492 0.280447 2.02673 0.414139 1.4086 -2.38863 0.307232
4.34506 0.293521 1.96604 0.426978 1.35796 -2.37213 0.318528
4.3959 0.307084 1.90572 0.439759 1.3075 -2.35633 0.330793
4.44697 0.316188 1.84556 0.44725 1.25841 -2.3413 0.343983
4.4978 0.325121 1.78611 0.453433 1.21125 -2.3255 0.356248
4.54839 0.339303 1.72677 0.464803 1.1642 -2.31047 0.369439
4.59924 0.348259 1.66861 0.468996 1.11961 -2.29625 0.383507
4.64988 0.356746 1.61135 0.471934 1.07722 -2.2829 0.398402
4.70104 0.364588 1.55554 0.472519 1.03754 -2.27026 0.413898
4.75239 0.372601 1.50058 0.472635 0.999867 -2.24497 0.444889
4.80387 0.38115 1.43129 0.40756 0.964443 -2.23142 0.459599
4.85482 0.398669 1.37716 0.469136 0.929295 -2.21775 0.474201
4.90564 0.408981 1.32421 0.465179 0.896193 -2.20408 0.488802
4.95671 0.418401 1.27229 0.458256 0.86513 -2.19042 0.503404
5.00911 0.427306 1.22121 0.448446 0.835998 -2.17675 0.518005
5.06127 0.435699 1.17033 0.436144 0.808334 -2.16308 0.532606
5.11274 0.443122 1.12087 0.444304 0.783231 -2.14941 0.547208
5.16452 0.449379 1.07321 0.456698 0.761036 -2.1349 0.560964
5.21559 0.459554 1.02592 0.468574 0.740163 -2.12123 0.575565
5.26656 0.458378 0.981513 0.478181 0.723546 -2.10846 0.59096
5.31823 0.453798 0.939848 0.485583 0.710897 -2.09664 0.607092
5.36925 0.445232 0.900713 0.490896 0.701899 -2.08581 0.623905
5.42036 0.431196 0.86514 0.493807 0.696997 -2.076 0.641337
5.47176 0.417422 0.832945 0.494519 0.695802 -2.06517 0.658149
5.52278 0.434046 0.801938 0.494117 0.696476 -2.05537 0.675581
5.57424 0.448928 0.774899 0.491482 0.700912 -2.04662 0.693569
5.62539 0.461996 0.751677 4.75258e-25 0.708739 -2.0386 0.711888
5.67721 0.473077 0.732345 1.98555e-25 0.719648 -2.03057 0.730208
5.72888 0.482634 0.71592 6.8141e-26 0.733017 -2.02255 0.748527
5.78005 0.490354 0.702815 1.91764e-26 0.748866 -2.01452 0.766846
5.83143 0.496077 0.693188 4.46431e-27 0.767085 -2.00541 0.784651
5.88307 0.500535 0.685741 8.99162e-28 0.787115 -1.99525 0.801878
5.93427 0.503646 0.68057 1.56719e-28 0.808953 -1.98408 0.818465
5.98559 0.505308 0.677817 2.38334e-29 0.832495 -1.97193 0.834352
6.03697 5.81199e-24 0.677441 3.16399e-30 0.857736 -1.95885 0.849481
6.08877 4.94113e-24 0.67947 3.6826e-31 0.884621 -1.94488 0.863799
6.13993 3.45665e-24 0.683936 3.748e-32 0.913183 -1.93031 0.877498
6.19133 1.95449e-24 0.691063 3.37499e-33 0.943276 -1.91574 0.891197
6.24225 8.32886e-25 0.701726 2.57211e-34 0.975454 -1.90117 0.904895
6.29418 2.72124e-25 0.715709 1.70474e-35 1.00938 -1.8866 0.918594
6.34623 6.69103e-26 0.733245 9.53001e-37 1.04543 -1.87202 0.932293
6.3983 1.26629e-26 0.754053 4.6342e-38 1.08322 -1.85745 0.945991
6.44895 1.86871e-27 0.777971 1.98196e-39 1.12262 -1.84288 0.95969
6.49974 2.27715e-28 0.804283 7.90157e-41 1.1629 -1.82861 0.973703
6.55115 2.16116e-29 0.833718 2.79134e-42 1.20469 -1.80007 1.00173
6.60344 7.46633e-31 0.875786 1.85747e-44 1.26735 -1.7858 1.01574
6.65416 4.27861e-32 0.911528 5.06429e-46 1.31237 -1.77153 1.02976
6.70525 2.19232e-33 0.948669 1.34963e-47 1.35769 -1.75645 1.04289
6.75611 1.02007e-34 0.987015 3.34432e-49 1.40391 -1.7406 1.05509
6.808 4.46262e-36 1.02613 7.93824e-51 1.45067 -1.72405 1.06632
6.85887 1.74448e-37 1.06665 1.71443e-52 1.49861 -1.70686 1.07654
6.90983 6.77742e-39 1.10725 3.71114e-54 1.54652 -1.68909 1.08571
6.96084 2.50342e-40 1.14849 7.69941e-56 1.59496 -1.6708 1.0938
7.01187 8.88084e-42 1.19022 1.54155e-57 1.64385 -1.65205 1.10078
7.06269 3.05082e-43 1.23236 2.99479e-59 1.69311 -1.63292 1.10662
7.11349 1.03622e-44 1.27464 5.74238e-61 1.74254 -1.61348 1.1113
7.1644 3.46669e-46 1.31711 1.08127e-62 1.79219 -1.59379 1.11481
7.21498 1.14157e-47 1.35978 1.99557e-64 1.8421 -1.57393 1.11713
7.26575 3.82e-49 1.40224 3.71168e-66 1.8919 -1.55396 1.11826
7.31679 1.26671e-50 1.44482 6.7956e-68 1.94191 -1.53396 1.11818
7.37081 4.16334e-52 1.48752 1.22429e-69 1.99211 -1.514 1.11691
7.4218 1.1486e-53 1.5324 1.86682e-71 2.04441 -1.49415 1.11444
7.47278 3.88828e-55 1.57472 3.39499e-73 2.09449 -1.47438 1.11141
7.52372 1.27997e-56 1.61739 6.01474e-75 2.14491 -1.45461 1.10838
7.57456 3.94252e-58 1.66089 1.00914e-76 2.19601 -1.43484 1.10535
7.62532 1.14422e-59 1.70514 1.61285e-78 2.24771 -1.41493 1.1035
7.67616 2.8556e-61 1.75127 2.3049e-80 2.30081 -1.39494 1.10286
7.72715 6.10094e-63 1.79934 2.9474e-82 2.3553 -1.37495 1.10226
7.77824 1.21863e-64 1.84826 3.57231e-84 2.41046 -1.35496 1.10166
7.8291 2.29895e-66 1.89789 4.13564e-86 2.4662 -1.33497 1.10105
7.88023 4.19894e-68 1.94793 4.67524e-88 2.52223 -1.31497 1.1009
7.93153 6.97002e-70 1.99916 4.92119e-90 2.57915 -1.29497 1.10074
7.98261 1.09551e-71 2.05107 4.95299e-92 2.63664 -1.27497 1.10058
8.03392 1.68087e-73 2.10328 4.89924e-94 2.69434 -1.25497 1.10043
8.08567 2.44439e-75 2.15617 4.63346e-96 2.7526 -1.23497 1.10027
8.13742 3.32769e-77 2.20987 4.14036e-98 2.81157 -1.21502 1.09892
8.18888 4.78131e-79 2.26291 3.78423e-100 2.87026 -1.19518 1.09637
8.24023 7.42513e-81 2.31497 3.62091e-102 2.92838 -1.17553 1.09263
8.2922 1.23319e-82 2.36619 3.59715e-104 2.98602 -1.15614 1.08773
8.34438 2.08359e-84 2.4172 3.54759e-106 3.04376 -1.13708 1.08167
8.39687 3.69885e-86 2.46759 3.58361e-108 3.1012 -1.11842 1.07448
8.44796 6.85263e-88 2.51745 3.69018e-110 3.1584 -1.10022 1.06618
8.4997 1.50209e-89 2.5652 4.36098e-112 3.21387 -1.08255 1.05681
8.55119 3.36712e-91 2.61268 5.17366e-114 3.2693 -1.04906 1.03497
8.60311 9.11939e-93 2.65779 2.91471e-116 3.33404 -1.03336 1.02258
8.65423 2.51959e-94 2.70265 4.0652e-118 3.38745 -1.01843 1.00928
8.70551 7.93039e-96 2.74588 6.3447e-120 3.43945 -1.00373 0.995717
8.75685 2.48189e-97 2.78919 9.77511e-122 3.49161 -0.989029 0.982154
8.80817 7.57302e-99 2.83281 1.46023e-123 3.54416 -0.974331 0.96859
8.8593 2.26846e-100 2.87666 2.12925e-125 3.59701 -0.959633 0.955027
8.9076 6.76253e-102 2.92057 3.07096e-127 3.64999 -0.944934 0.941464
8.95528 2.43742e-103 2.96211 5.27078e-129 3.70081 -0.930622 0.927494
9.00329 9.44041e-105 3.00274 9.61831e-131 3.75085 -0.916309 0.913525
9.05102 3.50944e-106 3.0439 4.85936e-131 3.75939 -0.901997 0.899555
9.14666 3.94057e-109 3.12879 2.44038e-131 3.768 -0.887685 0.885585
9.19465 1.39897e-110 3.17052 1.21828e-131 3.77668 -0.873372 0.871616
9.24171 4.95768e-112 3.21227 6.04598e-132 3.78544 -0.85906 0.857646
9.29021 1.85476e-113 3.25334 2.98284e-132 3.79427 -0.844747 0.843676
9.33924 6.15536e-115 3.29591 1.46303e-132 3.80317 -0.829623 0.83059
9.38815 1.76002e-116 3.34035 6.55715e-133 3.81321 -0.813741 0.818434
9.43591 4.55189e-118 3.38603 2.69486e-133 3.82432 -0.797159 0.807252
9.4834 1.15103e-119 3.432 1.01948e-133 3.83647 -0.779936 0.797085
9.53101 2.66627e-121 3.47907 3.56497e-134 3.8496 -0.762134 0.787969
9.57881 5.51002e-123 3.52756 1.15745e-134 3.86367 -0.743818 0.779936
9.62663 1.01153e-124 3.57753 3.50563e-135 3.8786 -0.725053 0.773017
9.67444 1.67471e-126 3.62879 9.9543e-136 3.89433 -0.705907 0.767235
9.72206 2.51543e-128 3.68127 2.6637e-136 3.91081 -0.686449 0.762612
9.76957 3.48364e-130 3.73476 6.75335e-137 3.92797 -0.666748 0.759163
9.81704 4.43742e-132 3.7893 1.63121e-137 3.94572 -0.646877 0.756903
9.86494 5.19011e-134 3.84491 3.77497e-138 3.96402 -0.627176 0.753454
9.91281 6.33015e-136 3.89999 9.09283e-139 3.98181 -0.607718 0.748831
9.96058 8.34758e-138 3.9541 2.29023e-139 3.99905 -0.588572 0.743049
10.008 1.20027e-139 4.00712 6.05869e-140 4.01567 -0.569807 0.736129
10.0557 1.92311e-141 4.0588 1.69059e-140 4.03162 -0.551491 0.728097
10.1035 3.25526e-143 4.10978 4.99574e-141 4.04686 -0.533689 0.718981
10.1512 5.9721e-145 4.15976 1.56935e-141 4.06134 -0.515373 0.710949
10.2471 2.79401e-148 4.2556 4.61007e-142 4.07665 -0.496608 0.704029
10.2948 4.20341e-150 4.30806 1.27279e-142 4.09274 -0.477462 0.698247
10.3424 5.80771e-152 4.36159 3.32001e-143 4.10954 -0.458004 0.693624
10.3898 7.41346e-154 4.4161 8.22643e-144 4.12698 -0.438303 0.690175
10.4374 8.81778e-156 4.4715 1.94709e-144 4.14499 -0.418432 0.687915
10.4852 9.52665e-158 4.52809 4.42718e-145 4.1635 -0.39846 0.68685
10.5332 9.31668e-160 4.58594 9.72614e-146 4.18245 -0.37846 0.686984
10.5812 8.3611e-162 4.64485 2.07662e-146 4.20175 -0.358505 0.688317
10.6289 7.03453e-164 4.70458 4.33433e-147 4.22133 -0.338665 0.690845
10.6767 5.67464e-166 4.76483 8.89593e-148 4.24113 -0.31871 0.692178
10.7245 4.78995e-168 4.82451 1.85591e-148 4.26072 -0.29871 0.692313
10.7723 4.32142e-170 4.88336 3.95701e-149 4.28004 -0.278739 0.691248
10.8202 4.17602e-172 4.94136 8.66787e-150 4.29902 -0.258867 0.688987
10.8677 4.28762e-174 4.99859 1.96073e-150 4.31759 -0.239166 0.685539
10.9156 4.86023e-176 5.05459 4.60292e-151 4.33571 -0.219708 0.680915
10.9633 5.77321e-178 5.11 1.12677e-151 4.3533 -0.200562 0.675133
11.0111 7.56331e-180 5.16419 2.8895e-152 4.37031 -0.181797 0.668214
11.059 1.06513e-181 5.21747 7.79653e-153 4.38669 -0.163481 0.660182
11.1069 1.61277e-183 5.26985 2.22276e-153 4.40237 -0.145679 0.651065
11.1549 2.66302e-185 5.32115 6.72244e-154 4.41732 -0.127363 0.643033
11.2029 3.98821e-187 5.37367 1.90686e-154 4.43307 -0.109562 0.633917
11.2981 1.84724e-190 5.46963 5.73601e-155 4.44809 -0.0923389 0.62375
11.346 3.3986e-192 5.51958 1.83672e-155 4.46232 -0.0757566 0.612568
11.3937 6.67403e-194 5.56871 6.2829e-156 4.47573 -0.0598748 0.600412
11.4416 1.4431e-195 5.61663 2.30361e-156 4.48827 -0.0447504 0.587326
11.4895 3.39083e-197 5.66352 9.08084e-157 4.49991 -0.0288685 0.57517
11.5372 7.22142e-199 5.71163 3.30372e-157 4.51255 -0.0122863 0.563988
11.585 1.40824e-200 5.76085 1.11396e-157 4.52614 0.00493663 0.553821
11.6329 2.47979e-202 5.81134 3.4969e-158 4.54062 0.0223409 0.543967
11.6807 4.19955e-204 5.86232 1.07313e-158 4.55539 0.0397451 0.534114
11.7287 7.13559e-206 5.91326 3.28397e-159 4.57019 0.0571493 0.52426
11.7767 1.18913e-207 5.96444 1.00215e-159 4.58503 0.0739314 0.513381
11.8247 2.17813e-209 6.01444 3.25849e-160 4.59907 0.0900308 0.501515
11.8709 4.35436e-211 6.06334 1.13285e-160 4.61228 0.10539 0.488704
11.9172 1.08855e-212 6.10945 4.22506e-161 4.6246 0.11998 0.475025
11.9634 2.94297e-214 6.15459 1.69117e-161 4.63605 0.13457 0.461346
12.01 8.01894e-216 6.19962 6.74157e-162 4.64755 0.14916 0.447666
12.0563 2.11713e-217 6.24505 2.67649e-162 4.65909 0.163751 0.433987
12.1028 1.78689e-217 6.24717 1.05831e-162 4.67069 0.179135 0.421207
12.1952 1.36511e-217 6.25054 3.86194e-163 4.68329 0.195258 0.409373
12.2411 9.45017e-218 6.25513 1.30607e-163 4.69684 0.212061 0.398526
12.2872 5.93711e-218 6.26094 4.11183e-164 4.71129 0.229485 0.388707
12.3331 3.39161e-218 6.26794 1.21077e-164 4.72657 0.247466 0.37995
12.3791 1.76576e-218 6.2761 3.3512e-165 4.74263 0.26594 0.372288
12.4252 8.40067e-219 6.28539 8.76372e-166 4.7594 0.283921 0.363531
12.4719 4.34039e-219 6.29364 2.41583e-166 4.7755 0.301465 0.353929
12.5184 2.3958e-219 6.30107 6.96106e-167 4.79106 0.319009 0.344327
12.5648 1.31716e-219 6.30855 2.0011e-167 4.80664 0.336554 0.334725
12.6119 7.21267e-220 6.31608 5.73925e-168 4.82225 0.354098 0.325123
12.6624 3.93397e-220 6.32365 1.64226e-168 4.83789 0.371035 0.314486
12.7106 2.3379e-220 6.33016 4.98741e-169 4.85279 0.387303 0.302853
12.7572 1.5163e-220 6.33557 1.6136e-169 4.86689 0.402845 0.290265
12.8037 1.07472e-220 6.33987 5.58151e-170 4.88016 0.417604 0.276768
12.8964 8.33352e-221 6.34305 2.07101e-170 4.89256 0.432237 0.263134
12.9432 6.52792e-221 6.3461 7.74678e-171 4.90485 0.44687 0.249501
12.99 5.09059e-221 6.34921 2.8873e-171 4.91719 0.461503 0.235867
13.0365 3.95195e-221 6.35238 1.07227e-171 4.92957 0.476928 0.223136
13.0831 2.77968e-221 6.35678 3.68754e-172 4.94291 0.493088 0.211352
13.1294 1.77399e-221 6.36239 1.17947e-172 4.95716 0.509925 0.200558
13.1755 1.02915e-221 6.3692 3.52513e-173 4.97226 0.52738 0.190794
13.2218 5.43947e-222 6.37717 9.89276e-174 4.98814 0.545388 0.182094
13.2684 2.6261e-222 6.38627 2.62014e-174 5.00475 0.563886 0.174489
13.3148 1.16154e-222 6.39647 6.58393e-175 5.02201 0.581894 0.165789
13.3612 5.56797e-223 6.40566 1.73793e-175 5.03866 0.599367 0.156056
13.408 2.8917e-223 6.41385 4.83162e-176 5.05466 0.616839 0.146324
13.4545 1.49611e-223 6.42208 1.34051e-176 5.07069 0.634311 0.136591
13.501 7.71134e-224 6.43037 3.7117e-177 5.08674 0.651783 0.126859
13.5941 3.9597e-224 6.4387 1.02567e-177 5.10282 0.669807 0.118191
13.6406 1.85899e-224 6.44815 2.67859e-178 5.1196 0.688319 0.11062
13.6871 8.00404e-225 6.45869 6.64621e-179 5.13702 0.707251 0.104173
13.734 3.17133e-225 6.47026 1.57536e-179 5.15502 0.726536 0.0988724
13.7805 1.16063e-225 6.48282 3.58714e-180 5.17351 0.746104 0.0947379
13.8266 3.93928e-226 6.49633 7.89131e-181 5.19244 0.765885 0.0917842
13.8729 1.24532e-226 6.51072 1.68688e-181 5.21173 0.785807 0.0900219
13.9191 3.68354e-227 6.52595 3.5243e-182 5.2313 0.805799 0.0894574
13.9652 1.02436e-227 6.54195 7.23859e-183 5.25108 0.825789 0.0900928
14.0113 2.69166e-228 6.55865 1.47015e-183 5.27101 0.845705 0.0919256
14.0576 6.71765e-229 6.576 2.96979e-184 5.291 0.865487 0.0948675
14.1039 1.60564e-229 6.5939 6.00018e-185 5.31099 0.885411 0.0966178
14.1967 4.01207e-230 6.61123 1.2123e-185 5.33099 0.905403 0.0971703
14.243 1.05293e-230 6.62795 2.46347e-186 5.35091 0.925392 0.096523
14.2892 2.91526e-231 6.644 5.06327e-187 5.37068 0.945307 0.0946782
14.3355 8.55162e-232 6.65933 1.05846e-187 5.39025 0.965075 0.0916425
14.3816 2.66849e-232 6.67389 2.26275e-188 5.40953 0.965075 0.0916425
14.4281 2.66849e-232 6.67389 2.26275e-188 5.40953 0.965075 0.0916425
14.4746 2.66849e-232 6.67389 2.26275e-188 5.40953 0.965075 0.0916425
14.5208 2.66849e-232 6.67389 2.26275e-188 5.40953 0.965075 0.0916425
14.5671 2.66849e-232 6.67389 2.26275e-188 5.40953 0.965075 0.0916425
14.6133 2.66849e-232 6.67389 2.26275e-188 5.40953 0.965075 0.0916425
14.6591 2.66849e-232 6.67389 2.26275e-188 5.40953 0.965075 0.0916425
14.7051 2.66849e-232 6.67389 2.26275e-188 5.40953 0.965075 0.0916425
14.7513 2.66849e-232 6.67389 2.26275e-188 5.40953 0.965075 0.0916425
14.8437 2.66849e-232 6.67389 2.26275e-188 5.40953 0.965075 0.0916425
14.8901 2.66849e-232 6.67389 2.26275e-188 5.40953 0.965075 0.0916425
14.9362 2.66849e-232 6.67389 2.26275e-188 5.40953 0.965075 0.0916425
14.9823 2.66849e-232 6.67389 2.26275e-188 5.40953 0.965075 0.0916425
15.0284 2.66849e-232 6.67389 2.26275e-188 5.40953 0.965075 0.0916425
15.0747 2.66849e-232 6.67389 2.26275e-188 5.40953 0.965075 0.0916425
15.1209 2.66849e-232 6.67389 2.26275e-188 5.40953 0.965075 0.0916425
15.1673 2.66849e-232 6.67389 2.26275e-188 5.40953 0.965075 0.0916425
15.2144 2.66849e-232 6.67389 2.26275e-188 5.40953 0.965075 0.0916425
15.2624 2.66849e-232 6.67389 2.26275e-188 5.40953 0.965075 0.0916425
15.309 2.66849e-232 6.67389 2.26275e-188 5.40953 0.965075 0.0916425
15.3563 2.66849e-232 6.67389 2.26275e-188 5.40953 0.965075 0.0916425
15.4033 2.66849e-232 6.67389 2.26275e-188 5.40953 0.965075 0.0916425
15.4974 2.66849e-232 6.67389 2.26275e-188 5.40953 0.965075 0.0916425
15.5446 2.66849e-232 6.67389 2.26275e-188 5.40953 0.965075 0.0916425
