0.0579376 0.139991 3.22904 0.00826114 6.7935 -3.96 0
0.11621 0.14584 3.17393 4.76824e-05 6.65254 -3.94 0
0.17598 0.150225 3.09674 0.0101517 6.5746 -3.92 0
0.234893 0.159048 3.01867 0.0108168 6.49463 -3.9 0
0.292638 0.168413 2.93999 0.0115035 6.41702 -3.88 0
0.35072 0.178005 2.86338 0.0122307 6.33969 -3.86 0
0.409102 0.1881 2.78665 0.0130086 6.26188 -3.82018 0.00359352
0.467054 0.198398 2.69062 0.0142392 6.16397 -3.8005 0.00717412
0.525107 0.2083 2.61523 0.015178 6.08623 -3.78108 0.0119282
0.583021 0.217867 2.5404 0.0161857 6.00846 -3.76197 0.0178386
0.640794 0.227485 2.46649 0.0172379 5.93092 -3.74325 0.0248841
0.698477 0.237379 2.3928 0.0183215 5.8545 -3.72499 0.0330393
0.756593 0.247177 2.32019 0.0194459 5.7784 -3.68964 0.0517537
0.816442 0.245637 2.23353 0.0204141 5.6835 -3.67263 0.0622715
0.875793 0.268368 2.16311 0.0222318 5.60426 -3.65628 0.0737904
0.935369 0.279082 2.09193 0.0234858 5.5286 -3.64065 0.086269
0.994234 0.288598 2.02269 0.0248467 5.45247 -3.6251 0.0988445
1.05284 0.30079 1.95425 0.0263231 5.37749 -3.60954 0.11142
1.11185 0.314011 1.88579 0.0278791 5.30348 -3.57844 0.136571
1.17051 0.300224 1.80757 0.0282201 5.21132 -3.56289 0.149146
1.22809 0.341095 1.74107 0.0317945 5.13641 -3.54734 0.161722
1.28562 0.353765 1.67605 0.0336536 5.06269 -3.53257 0.175207
1.34312 0.36292 1.61279 0.0354333 4.98967 -3.51801 0.188916
1.40061 0.374634 1.5505 0.0374508 4.91684 -3.50344 0.202625
1.45811 0.387334 1.48891 0.0396382 4.84406 -3.47432 0.230042
1.51559 0.357461 1.42037 0.0391151 4.75578 -3.45975 0.24375
1.57316 0.411638 1.36083 0.0448943 4.68303 -3.44519 0.257459
1.63065 0.423471 1.30225 0.0475189 4.61014 -3.43092 0.27147
1.68814 0.43307 1.24507 0.0501412 4.53774 -3.41665 0.285482
1.74566 0.443616 1.18908 0.0530338 4.46532 -3.40238 0.299493
1.80317 0.453497 1.13434 0.0560895 4.3929 -3.3881 0.313504
1.86068 0.462375 1.081 0.0593086 4.32051 -3.35956 0.341527
1.91813 0.40283 1.02556 0.0582992 4.23311 -3.34529 0.355538
1.97645 0.47152 0.9762 0.0669915 4.16077 -3.3302 0.368668
2.03498 0.483924 0.926739 0.0713798 4.08696 -3.31436 0.38087
2.09325 0.494666 0.877901 0.0759838 4.01246 -3.29781 0.3921
2.1514 0.503271 0.830524 0.0808611 3.93741 -3.28061 0.402317
2.20973 0.510579 0.784647 0.0860384 3.86176 -3.24455 0.419571
2.26795 0.471893 0.734395 0.0910245 3.76689 -3.2258 0.426545
2.32554 0.522675 0.69175 0.0989681 3.68961 -3.20667 0.432382
2.38312 0.522123 0.651565 0.105096 3.6127 -3.18723 0.437062
2.44068 0.544979 0.613767 0.111548 3.53553 -3.16754 0.440568
2.49827 0.567594 0.578565 0.118297 3.45836 -3.14767 0.442886
2.55592 0.588787 0.546338 0.125366 3.38102 -3.1077 0.443933
2.61395 0.612976 0.510369 0.134722 3.28351 -3.08774 0.442658
2.67174 0.630227 0.485201 0.142395 3.20522 -3.0679 0.440188
2.72896 0.645081 0.463825 0.150386 3.12813 -3.04823 0.436532
2.78707 0.657027 0.446822 0.158664 3.05131 -3.02881 0.431746
2.84513 0.666111 0.433998 0.167232 2.97487 -3.0094 0.42696
2.90331 0.671092 0.427004 0.176868 2.89805 -2.98998 0.422175
2.96121 0.064158 0.425869 0.187055 2.82082 -2.95114 0.412603
3.01963 0.0625809 0.429081 0.19842 2.72456 -2.93172 0.407817
3.08027 0.0569744 0.441175 0.211763 2.64744 -2.91262 0.401876
3.13914 0.0495848 0.459014 0.222855 2.5703 -2.89392 0.3948
3.19754 0.0419883 0.480287 0.234178 2.49391 -2.87567 0.386615
3.25583 0.0345434 0.505158 0.245749 2.41826 -2.84081 0.36704
3.31416 0.027655 0.533396 0.251078 2.32696 -2.82308 0.357775
3.37233 0.0211334 0.567428 0.273813 2.2524 -2.80498 0.349277
3.43058 0.015567 0.605992 0.289125 2.17735 -2.78741 0.339708
3.48921 0.0112639 0.646707 0.302661 2.10253 -2.77046 0.329103
3.54841 0.00798597 0.689902 0.316379 2.02844 -2.75417 0.317501
3.60691 0.00558154 0.73483 0.330834 1.95399 -2.72266 0.29287
3.66561 0.00372425 0.785522 0.33131 1.86756 -2.70671 0.280797
3.72336 0.00248965 0.835939 0.364665 1.79518 -2.69077 0.268724
3.782 0.00163862 0.888279 0.380801 1.72463 -2.67482 0.256651
3.83987 0.0010618 0.94255 0.398916 1.65255 -2.65888 0.244578
3.89714 0.000680596 0.998169 0.416348 1.58182 -2.64368 0.231571
3.95468 0.000437256 1.05349 0.431818 1.51266 -2.62893 0.218064
4.01222 0.00027925 1.10955 0.448911 1.44377 -2.59943 0.191051
4.06933 0.000166586 1.17413 0.445229 1.36375 -2.58468 0.177544
4.12737 0.000104113 1.23289 0.487856 1.29655 -2.56993 0.164037
4.18447 6.42184e-05 1.29329 0.507657 1.22866 -2.55518 0.15053
4.24187 3.97565e-05 1.35323 0.526864 1.16169 -2.54043 0.137023
4.29901 2.42969e-05 1.41479 0.546311 1.09551 -2.52612 0.123056
4.35671 1.48027e-05 1.47673 0.563703 1.03122 -2.49749 0.0951214
4.41403 8.35956e-06 1.54816 0.555341 0.957314 -2.48317 0.0811541
4.47115 5.03743e-06 1.61147 0.60406 0.894396 -2.46886 0.0671867
4.52983 3.01952e-06 1.67544 0.62273 0.832902 -2.45454 0.0532194
4.58834 1.78278e-06 1.74131 0.642945 0.77097 -2.44023 0.039252
4.6469 1.05234e-06 1.80721 0.661985 0.710191 -2.42604 0.0251594
4.7055 6.17675e-07 1.87381 0.679599 0.651327 -2.39765 -0.00302591
4.76377 3.32442e-07 1.95124 0.659144 0.588832 -2.38346 -0.0171185
4.81887 1.94596e-07 2.01819 0.711658 0.534359 -2.36927 -0.0312112
4.87329 1.18828e-07 2.07984 0.725619 0.482688 -2.35508 -0.0453038
4.92866 7.28838e-08 2.14094 0.737616 0.434066 -2.34089 -0.0593965
4.98359 6.66927e-08 2.15204 0.749053 0.387414 -2.32673 -0.0735243
5.03889 6.09986e-08 2.1632 0.755921 0.344296 -2.31258 -0.0876521
5.09409 5.57464e-08 2.17445 0.760252 0.305633 -2.29842 -0.10178
5.14922 5.09065e-08 2.1858 0.78628 0.271333 -2.28426 -0.115908
5.2038 4.64507e-08 2.19725 0.808347 0.242566 -2.27011 -0.130036
5.25891 4.23525e-08 2.2088 0.826196 0.219483 -2.24179 -0.158291
5.31352 3.51294e-08 2.23217 0.833382 0.210232 -2.22765 -0.172429
5.36789 3.19613e-08 2.24399 0.840212 0.201461 -2.2135 -0.186567
5.42226 2.90576e-08 2.25589 2.38044e-07 0.199299 -2.19935 -0.200705
5.47689 2.63988e-08 2.26789 1.66062e-07 0.203801 -2.18439 -0.213969
5.53139 2.37881e-08 2.2809 7.35993e-08 0.213972 -2.16865 -0.226312
5.58588 2.12716e-08 2.29488 2.08176e-08 0.229758 -2.1522 -0.237689
5.64052 1.88853e-08 2.30975 3.82511e-09 0.250935 -2.1351 -0.248059
5.69495 1.66557e-08 2.32546 4.66126e-10 0.277246 -2.11741 -0.257385
5.74914 1.46003e-08 2.34192 3.91913e-11 0.308196 -2.09919 -0.265633
5.8032 1.27281e-08 2.35907 2.35391e-12 0.343351 -2.0805 -0.272774
5.85741 1.10415e-08 2.37684 1.04096e-13 0.382333 -2.04261 -0.285589
5.9117 8.25858e-09 2.41315 9.96313e-16 0.440445 -2.02332 -0.290848
5.9662 7.11389e-09 2.4318 2.40106e-17 0.487015 -2.00374 -0.294942
6.02078 6.10765e-09 2.45086 4.6691e-19 0.536266 -1.98395 -0.297854
6.07528 5.22963e-09 2.47026 7.52895e-21 0.587858 -1.96403 -0.299574
6.12968 4.46846e-09 2.48992 1.04715e-22 0.641299 -1.94403 -0.300096
6.18455 3.81238e-09 2.50977 1.28566e-24 0.696299 -1.92403 -0.300083
6.23975 3.25107e-09 2.52968 1.36428e-26 0.753122 -1.90403 -0.300069
6.29435 2.77238e-09 2.54959 1.13893e-28 0.812943 -1.88403 -0.300056
6.34902 2.36415e-09 2.5695 8.69936e-31 0.873875 -1.86403 -0.300043
6.40327 2.01601e-09 2.58941 6.14047e-33 0.935794 -1.84403 -0.300029
6.45779 1.71913e-09 2.60932 3.99096e-35 0.998745 -1.80403 -0.300021
6.51223 1.25006e-09 2.64915 5.85024e-38 1.08031 -1.78403 -0.300017
6.56702 1.06595e-09 2.66907 2.95133e-40 1.14643 -1.76403 -0.300013
6.62323 9.08954e-10 2.68898 1.35007e-42 1.21377 -1.74403 -0.300009
6.68006 7.75071e-10 2.7089 5.14858e-45 1.28338 -1.72403 -0.300007
6.73429 6.60904e-10 2.72882 2.00489e-47 1.35274 -1.70403 -0.300006
6.78841 5.63549e-10 2.74874 8.22174e-50 1.42145 -1.68403 -0.300005
6.84264 4.80532e-10 2.76866 3.20234e-52 1.4908 -1.66403 -0.300004
6.89691 4.09741e-10 2.78858 1.17708e-54 1.56087 -1.64403 -0.300002
6.95115 3.49376e-10 2.8085 4.15387e-57 1.63146 -1.62403 -0.300002
7.00599 2.97902e-10 2.82843 1.41539e-59 1.70248 -1.58403 -0.300001
7.061 2.16584e-10 2.86827 1.03095e-62 1.79279 -1.56403 -0.300001
7.11558 1.84671e-10 2.8882 3.20961e-65 1.86494 -1.54403 -0.300001
7.17082 1.57459e-10 2.90813 9.42659e-68 1.93782 -1.52403 -0.3
7.2255 1.34256e-10 2.92805 2.67116e-70 2.01114 -1.50403 -0.3
7.28086 1.14471e-10 2.94798 7.68595e-73 2.08428 -1.48403 -0.3
7.33574 9.76014e-11 2.96791 2.03143e-75 2.15848 -1.46403 -0.3
7.39078 8.32173e-11 2.98784 5.38102e-78 2.23265 -1.44403 -0.3
7.44599 7.09526e-11 3.00777 1.40493e-80 2.307 -1.42403 -0.3
7.50006 6.04951e-11 3.0277 3.49727e-83 2.38195 -1.40403 -0.3
7.55429 5.15787e-11 3.04763 9.78339e-86 2.45543 -1.38403 -0.3
7.60883 4.39761e-11 3.06757 2.66279e-88 2.52927 -1.34403 -0.3
7.66362 3.19671e-11 3.10743 1.47636e-91 2.62299 -1.32403 -0.3
7.71813 2.72548e-11 3.12737 3.63067e-94 2.69808 -1.30403 -0.3
7.77273 2.3237e-11 3.1473 9.07559e-97 2.77298 -1.28403 -0.3
7.82768 1.98114e-11 3.16724 2.30017e-99 2.8477 -1.26403 -0.3
7.88219 1.68907e-11 3.18718 5.26734e-102 2.92369 -1.24403 -0.3
7.93686 1.44005e-11 3.20711 1.32261e-104 2.99853 -1.22403 -0.3
7.99177 1.22774e-11 3.22705 3.26627e-107 3.07358 -1.20403 -0.3
8.04621 1.04672e-11 3.24699 7.81289e-110 3.14902 -1.18403 -0.3
8.0975 8.92389e-12 3.26693 1.88874e-112 3.22433 -1.16403 -0.3
8.14864 7.60809e-12 3.28687 7.42257e-115 3.29357 -1.14403 -0.3
8.19982 6.48626e-12 3.30681 2.94193e-117 3.36271 -1.12403 -0.3
8.25108 5.52983e-12 3.32675 6.19198e-118 3.38219 -1.10403 -0.3
8.30233 4.7144e-12 3.34669 1.30271e-118 3.40167 -1.08403 -0.3
8.35355 4.0192e-12 3.36664 2.73963e-119 3.42116 -1.06403 -0.3
8.40479 3.4265e-12 3.38658 5.75921e-120 3.44066 -1.02403 -0.3
8.45603 2.49038e-12 3.42647 2.54211e-121 3.47966 -1.00403 -0.3
8.50783 2.1231e-12 3.44641 5.33778e-122 3.49917 -0.984033 -0.3
8.56036 1.80998e-12 3.46636 1.12037e-122 3.51869 -0.964033 -0.3
8.61141 1.54304e-12 3.4863 2.35074e-123 3.5382 -0.944033 -0.3
8.66246 1.31545e-12 3.50625 4.93046e-124 3.55773 -0.924033 -0.3
8.71347 1.12143e-12 3.5262 1.03374e-124 3.57726 -0.904033 -0.3
8.76454 9.56024e-13 3.54614 2.16663e-125 3.59679 -0.884033 -0.3
8.81549 8.1501e-13 3.56609 4.53945e-126 3.61633 -0.864033 -0.3
8.86652 6.94793e-13 3.58604 9.50764e-127 3.63587 -0.844033 -0.3
8.91752 5.92306e-13 3.60599 1.99064e-127 3.65541 -0.824033 -0.3
8.96854 5.04935e-13 3.62594 4.16647e-128 3.67496 -0.804033 -0.3
9.0196 4.3045e-13 3.64589 8.71764e-129 3.69452 -0.784033 -0.3
9.07043 3.66951e-13 3.66584 1.82342e-129 3.71407 -0.764033 -0.3
9.12123 3.12818e-13 3.68579 3.81273e-130 3.73364 -0.744033 -0.3
9.17221 2.6667e-13 3.70574 7.96977e-131 3.7532 -0.724033 -0.3
9.22313 2.2733e-13 3.72569 1.6654e-131 3.77277 -0.704033 -0.3
9.27415 1.93792e-13 3.74564 3.47903e-132 3.79235 -0.684033 -0.3
9.3252 1.65201e-13 3.76559 7.26549e-133 3.81192 -0.664033 -0.3
9.37635 1.40828e-13 3.78555 1.51684e-133 3.8315 -0.644033 -0.3
9.42763 1.20051e-13 3.8055 3.16581e-134 3.85109 -0.624033 -0.3
9.47868 1.02338e-13 3.82545 6.60547e-135 3.87068 -0.604033 -0.3
9.52963 8.72389e-14 3.84541 1.37783e-135 3.89027 -0.584033 -0.3
9.58067 7.43671e-14 3.86536 2.87318e-136 3.90987 -0.564033 -0.3
9.63177 6.33942e-14 3.88532 5.98974e-137 3.92947 -0.544033 -0.3
9.68269 5.40403e-14 3.90527 1.24834e-137 3.94907 -0.524033 -0.3
9.7337 4.60664e-14 3.92523 2.60098e-138 3.96868 -0.504033 -0.3
9.78485 3.92689e-14 3.94519 5.41779e-139 3.98828 -0.484033 -0.3
9.83592 3.34744e-14 3.96514 1.12822e-139 4.0079 -0.464033 -0.3
9.88704 2.85348e-14 3.9851 2.3488e-140 4.02751 -0.444033 -0.3
9.93809 2.43241e-14 4.00506 4.88864e-141 4.04713 -0.424033 -0.3
9.98904 2.07346e-14 4.02501 1.01722e-141 4.06676 -0.404033 -0.3
10.04 1.76748e-14 4.04497 2.11609e-142 4.08638 -0.384033 -0.3
10.091 1.50665e-14 4.06493 4.40092e-143 4.10601 -0.364033 -0.3
10.1421 1.28431e-14 4.08489 9.15049e-144 4.12564 -0.344033 -0.3
10.1932 1.09477e-14 4.10485 1.90212e-144 4.14528 -0.324033 -0.3
10.2441 9.33205e-15 4.12481 3.953e-145 4.16492 -0.304033 -0.3
10.2951 7.9548e-15 4.14477 8.21318e-146 4.18456 -0.284033 -0.3
10.3462 6.7808e-15 4.16473 1.70606e-146 4.2042 -0.264033 -0.3
10.3974 5.78004e-15 4.18469 3.54302e-147 4.22385 -0.244033 -0.3
10.4486 4.92697e-15 4.20465 7.3562e-148 4.2435 -0.224033 -0.3
10.4995 4.19979e-15 4.22461 1.52698e-148 4.26316 -0.204033 -0.3
10.5505 3.57993e-15 4.24457 3.16897e-149 4.28281 -0.184033 -0.3
10.6017 3.05155e-15 4.26453 6.57513e-150 4.30247 -0.164033 -0.3
10.6528 2.60115e-15 4.2845 1.36394e-150 4.32213 -0.144033 -0.3
10.7039 2.21722e-15 4.30446 2.82873e-151 4.3418 -0.124033 -0.3
10.7552 1.88995e-15 4.32442 5.86536e-152 4.36146 -0.0840333 -0.3
10.8063 1.3732e-15 4.36435 2.52015e-153 4.4008 -0.0640333 -0.3
10.8576 1.1705e-15 4.38431 5.22222e-154 4.42048 -0.0440333 -0.3
10.9087 9.97724e-16 4.40428 1.08192e-154 4.44016 -0.0240333 -0.3
10.9599 8.50448e-16 4.42424 2.24104e-155 4.45984 -0.00403325 -0.3
11.0111 7.2491e-16 4.4442 4.64104e-156 4.47952 0.0159667 -0.3
11.0622 6.17902e-16 4.46417 9.60939e-157 4.4992 0.0359667 -0.3
11.1134 5.26689e-16 4.48413 1.98926e-157 4.51889 0.0559667 -0.3
11.1646 4.48939e-16 4.5041 4.11721e-158 4.53858 0.0759667 -0.3
11.2158 3.82666e-16 4.52406 8.51983e-159 4.55827 0.0959667 -0.3
11.2671 3.26176e-16 4.54403 1.7627e-159 4.57797 0.115967 -0.3
11.3185 2.78024e-16 4.564 3.64622e-160 4.59766 0.135967 -0.3
11.3697 2.3698e-16 4.58396 7.54098e-161 4.61736 0.155967 -0.3
11.4209 2.01995e-16 4.60393 1.55932e-161 4.63706 0.175967 -0.3
11.4722 1.72175e-16 4.6239 3.22375e-162 4.65677 0.195967 -0.3
11.5233 1.46756e-16 4.64386 6.66364e-163 4.67647 0.215967 -0.3
11.5743 1.2509e-16 4.66383 1.37716e-163 4.69618 0.235967 -0.3
11.6251 1.06622e-16 4.6838 2.84566e-164 4.71589 0.255967 -0.3
11.6767 9.08809e-17 4.70377 5.87902e-165 4.7356 0.275967 -0.3
11.7283 7.74633e-17 4.72373 1.21438e-165 4.75532 0.295967 -0.3
11.7792 6.60266e-17 4.7437 2.50801e-166 4.77503 0.315967 -0.3
11.8303 5.62783e-17 4.76367 5.17883e-167 4.79475 0.335967 -0.3
11.8814 4.79692e-17 4.78364 1.06921e-167 4.81447 0.355967 -0.3
11.9323 4.08868e-17 4.80361 2.20711e-168 4.8342 0.375931 -0.2988
11.9835 3.48415e-17 4.82361 4.64107e-169 4.85369 0.395787 -0.296406
12.0347 2.96998e-17 4.84357 9.99507e-170 4.87288 0.415464 -0.292826
12.0859 2.53396e-17 4.86341 2.21618e-170 4.89171 0.434891 -0.288072
12.1371 2.1651e-17 4.88308 5.08498e-171 4.91011 0.453997 -0.282161
12.1882 1.85364e-17 4.90249 1.21333e-171 4.92802 0.472715 -0.275116
12.2394 1.59102e-17 4.92159 3.02509e-172 4.94539 0.490977 -0.26696
12.2906 1.3698e-17 4.9403 7.9168e-173 4.96214 0.508717 -0.257725
12.3418 1.18354e-17 4.95857 2.18429e-173 4.97824 0.525871 -0.247442
12.3929 1.02676e-17 4.97634 6.38006e-174 4.99362 0.542717 -0.236661
12.444 8.92612e-18 4.99384 1.91654e-174 5.00866 0.559562 -0.22588
12.4952 7.75885e-18 5.01136 5.74297e-175 5.02372 0.575731 -0.214108
12.5461 6.77618e-18 5.02828 1.83201e-175 5.038 0.591164 -0.201388
12.5973 5.94863e-18 5.04456 6.24407e-176 5.05146 0.605807 -0.187765
12.6483 5.25143e-18 5.06015 2.28153e-176 5.06404 0.62044 -0.174131
12.6995 4.63528e-18 5.07575 8.31618e-177 5.07666 0.635073 -0.160497
12.7506 4.09052e-18 5.09138 3.021e-177 5.08931 0.649705 -0.146863
12.8017 3.609e-18 5.10703 1.09375e-177 5.10201 0.664338 -0.133229
12.8534 3.18347e-18 5.12271 3.94668e-178 5.11476 0.679761 -0.120497
12.9045 2.79154e-18 5.13914 1.32097e-178 5.12844 0.712758 -0.0979184
12.956 2.11315e-18 5.17394 1.2026e-179 5.15839 0.730212 -0.0881533
13.0077 1.8262e-18 5.19218 3.30275e-180 5.17455 0.74822 -0.0794524
13.0592 1.57232e-18 5.21089 8.57716e-181 5.1914 0.766718 -0.071847
13.1109 1.34944e-18 5.23 2.11754e-181 5.20888 0.785638 -0.0653644
13.1628 1.15516e-18 5.24943 4.99704e-182 5.22693 0.804913 -0.0600281
13.214 9.86862e-19 5.26911 1.13349e-182 5.24548 0.824473 -0.0558571
13.2653 8.4188e-19 5.28897 2.4855e-183 5.26445 0.844248 -0.0528666
13.317 7.17593e-19 5.30894 5.29913e-184 5.28377 0.864167 -0.0510672
13.3682 6.11492e-19 5.32894 1.10488e-184 5.30336 0.883942 -0.0480767
13.4195 5.21216e-19 5.34891 2.35412e-185 5.32269 0.903503 -0.0439057
13.4708 4.44637e-19 5.36877 5.15297e-186 5.34168 0.922777 -0.0385694
13.5221 3.79838e-19 5.38846 1.16481e-186 5.36027 0.922777 -0.0385694
13.5736 3.79838e-19 5.38846 1.16481e-186 5.36027 0.922777 -0.0385694
13.6248 3.79838e-19 5.38846 1.16481e-186 5.36027 0.922777 -0.0385694
13.6759 3.79838e-19 5.38846 1.16481e-186 5.36027 0.922777 -0.0385694
13.7274 3.79838e-19 5.38846 1.16481e-186 5.36027 0.922777 -0.0385694
13.7788 3.79838e-19 5.38846 1.16481e-186 5.36027 0.922777 -0.0385694
13.8302 3.79838e-19 5.38846 1.16481e-186 5.36027 0.922777 -0.0385694
13.8816 3.79838e-19 5.38846 1.16481e-186 5.36027 0.922777 -0.0385694
13.9328 3.79838e-19 5.38846 1.16481e-186 5.36027 0.922777 -0.0385694
13.984 3.79838e-19 5.38846 1.16481e-186 5.36027 0.922777 -0.0385694
14.0351 3.79838e-19 5.38846 1.16481e-186 5.36027 0.922777 -0.0385694
14.0861 3.79838e-19 5.38846 1.16481e-186 5.36027 0.922777 -0.0385694
14.1373 3.79838e-19 5.38846 1.16481e-186 5.36027 0.922777 -0.0385694
14.1883 3.79838e-19 5.38846 1.16481e-186 5.36027 0.922777 -0.0385694
14.2394 3.79838e-19 5.38846 1.16481e-186 5.36027 0.922777 -0.0385694
14.2904 3.79838e-19 5.38846 1.16481e-186 5.36027 0.922777 -0.0385694
14.3414 3.79838e-19 5.38846 1.16481e-186 5.36027 0.922777 -0.0385694
14.3925 3.79838e-19 5.38846 1.16481e-186 5.36027 0.922777 -0.0385694
14.4437 3.79838e-19 5.38846 1.16481e-186 5.36027 0.922777 -0.0385694
14.4949 3.79838e-19 5.38846 1.16481e-186 5.36027 0.922777 -0.0385694
14.5462 3.79838e-19 5.38846 1.16481e-186 5.36027 0.922777 -0.0385694
14.5974 3.79838e-19 5.38846 1.16481e-186 5.36027 0.922777 -0.0385694
