0.038677 0.141872 3.21107 0.00838304 6.77496 -3.96 0
0.0903246 0.146872 3.16238 4.85987e-05 6.64065 -3.94 0
0.141871 0.150741 3.09206 0.0101919 6.56963 -3.92 0
0.193431 0.158704 3.02164 0.0107844 6.4984 -3.9 0
0.245183 0.167062 2.95109 0.0114072 6.42762 -3.88 0
0.297487 0.17579 2.88074 0.0120818 6.35515 -3.86 0
0.349384 0.184964 2.81009 0.0127842 6.28385 -3.84 0
0.388205 0.192776 2.75235 0.0133892 6.22548 -3.82 0
0.439861 0.202707 2.68187 0.0141631 6.15452 -3.8 0
0.493607 0.213191 2.61069 0.0150178 6.08049 -3.78 0
0.545767 0.224048 2.54011 0.0158932 6.00887 -3.76 0
0.597764 0.235373 2.46958 0.0168153 5.93755 -3.74 0
0.650264 0.2473 2.39838 0.0177893 5.8663 -3.72 0
0.689403 0.257355 2.34058 0.0186417 5.80704 -3.7 0
0.742531 0.269994 2.27056 0.0197234 5.73559 -3.68004 0.00119928
0.795215 0.27961 2.199 0.0211549 5.66306 -3.66018 0.00359352
0.847975 0.288259 2.12978 0.0225601 5.59018 -3.6405 0.00717412
0.901208 0.296563 2.05989 0.0239255 5.51716 -3.62108 0.0119282
0.941071 0.301719 2.00348 0.0249592 5.45792 -3.60197 0.0178386
0.992975 0.308198 1.93524 0.0261178 5.38647 -3.58325 0.0248841
1.04428 0.31348 1.86937 0.0271636 5.3165 -3.56499 0.0330393
1.09561 0.317774 1.80442 0.0280818 5.24673 -3.54725 0.0422748
1.14693 0.320626 1.7406 0.0288607 5.17731 -3.52899 0.0504301
1.19883 0.344426 1.6764 0.0313737 5.1073 -3.51125 0.0596656
1.25114 0.347546 1.61203 0.0325214 5.03617 -3.49409 0.0699484
1.29085 0.349648 1.56097 0.0326914 4.98006 -3.47759 0.0812412
1.34278 0.34581 1.49996 0.0331087 4.91061 -3.46179 0.0935035
1.39443 0.340175 1.44061 0.0338572 4.84193 -3.44675 0.106691
1.44759 0.337779 1.38181 0.033687 4.77374 -3.43095 0.118954
1.49992 0.365473 1.32349 0.0374075 4.70458 -3.41444 0.130246
1.53887 0.389457 1.27619 0.0410794 4.64787 -3.39737 0.140655
1.59181 0.417158 1.21585 0.0447198 4.57909 -3.38029 0.151064
1.64399 0.432788 1.15745 0.047241 4.50929 -3.36387 0.162479
1.69546 0.422795 1.10117 0.0476974 4.44119 -3.34816 0.174857
1.74785 0.412224 1.047 0.0493818 4.37168 -3.33288 0.187763
1.80031 0.412178 0.993379 0.0503102 4.30418 -3.3176 0.200668
1.83915 0.409976 0.953585 0.0523142 4.24858 -3.30232 0.213574
1.89172 0.413482 0.903262 0.0554253 4.18062 -3.28704 0.226479
1.94429 0.416951 0.853598 0.0583215 4.11289 -3.27176 0.239385
1.99661 0.43127 0.807055 0.0615973 4.04409 -3.25648 0.252291
2.04848 0.456313 0.761719 0.0646959 3.97657 -3.24201 0.266089
2.10044 0.4804 0.719739 0.0664415 3.90895 -3.22746 0.27981
2.13971 0.498625 0.688927 0.068453 3.85524 -3.2129 0.293532
2.191 0.52154 0.651232 0.071765 3.78893 -3.19835 0.307253
2.24296 0.543697 0.61579 0.0764082 3.72163 -3.1838 0.320974
2.29565 0.565031 0.582511 0.080077 3.65526 -3.16925 0.334696
2.34816 0.584105 0.553398 0.0846615 3.58691 -3.1547 0.348417
2.39985 0.601541 0.52727 0.0882246 3.5204 -3.14015 0.362138
2.43831 0.612402 0.511213 0.0938366 3.46651 -3.12589 0.376164
2.48898 0.0380246 0.492934 0.0963197 3.40089 -3.11163 0.390189
2.54016 0.0427332 0.478041 0.10116 3.33507 -3.09656 0.403334
2.5913 0.0469211 0.466087 0.111733 3.26837 -3.08073 0.415551
2.64236 0.0503225 0.457121 0.122293 3.20099 -3.06419 0.426797
2.6935 0.0525933 0.451458 0.133068 3.13307 -3.047 0.437031
2.74481 0.053604 0.449014 0.144241 3.06447 -3.02924 0.446217
2.79589 0.053183 0.450026 0.15546 2.9954 -3.01095 0.45432
2.84622 0.0513516 0.454524 0.166477 2.92716 -2.99246 0.461934
2.89736 0.0480475 0.463049 0.176981 2.85756 -2.97397 0.469548
2.94863 0.0434015 0.476058 0.186442 2.78781 -2.95547 0.477162
2.9999 0.0378842 0.493406 0.196036 2.718 -2.93698 0.484776
3.03837 0.0327333 0.512001 0.204271 2.66099 -2.91806 0.491268
3.08948 0.0271622 0.535675 0.217644 2.59095 -2.89879 0.496613
3.14052 0.0220313 0.56217 0.231288 2.52066 -2.87923 0.500793
3.19127 0.0175239 0.591067 0.244852 2.45063 -2.85946 0.503793
3.24231 0.0136682 0.622372 0.258512 2.38013 -2.83954 0.505601
3.29377 0.0104483 0.656153 0.272277 2.30909 -2.81955 0.506212
3.34509 0.00785407 0.691992 0.285961 2.23821 -2.79956 0.505623
3.39633 0.00583275 0.729312 0.299689 2.16683 -2.77959 0.504495
3.44771 0.00424494 0.769131 0.314016 2.09573 -2.75962 0.503368
3.49917 0.00302371 0.811613 0.329285 2.02494 -2.73965 0.50224
3.53752 0.00226238 0.847919 0.342327 1.96657 -2.71965 0.501919
3.58885 0.00155566 0.894778 0.359321 1.89602 -2.69966 0.501598
3.64034 0.00105366 0.943513 0.376447 1.82467 -2.67971 0.500079
3.69174 0.000709534 0.992962 0.392965 1.75362 -2.6599 0.497367
3.74305 0.000475407 1.04303 0.40934 1.68279 -2.64028 0.493471
3.79435 0.000316924 1.09373 0.425579 1.6123 -2.62093 0.488406
3.84564 0.00021041 1.14494 0.44149 1.54237 -2.60192 0.48219
3.89601 0.00013936 1.19644 0.456851 1.47335 -2.58332 0.474845
3.94725 9.26388e-05 1.24749 0.472385 1.4047 -2.56519 0.466398
3.9984 6.12073e-05 1.2993 0.487329 1.33638 -2.5476 0.456879
4.0493 4.04359e-05 1.35111 0.501989 1.26872 -2.53062 0.446323
4.08776 2.91534e-05 1.39201 0.51194 1.21471 -2.51429 0.434767
4.13901 1.92666e-05 1.44378 0.525342 1.14867 -2.49869 0.422253
4.19024 1.27584e-05 1.49531 0.537907 1.08368 -2.48387 0.408826
4.24116 8.47268e-06 1.54648 0.549158 1.01997 -2.46988 0.394534
4.29219 5.63423e-06 1.59747 0.560665 0.957502 -2.45677 0.379429
4.34344 3.75456e-06 1.64821 0.569854 0.896386 -2.44459 0.363565
4.39476 2.50979e-06 1.69856 0.578385 0.836242 -2.43148 0.34846
4.44572 1.65407e-06 1.75068 0.610508 0.776052 -2.41822 0.333488
4.49691 1.0825e-06 1.80367 0.634812 0.715867 -2.40496 0.318515
4.54802 7.05361e-07 1.85721 0.655874 0.656398 -2.3917 0.303543
4.59913 4.5726e-07 1.9114 0.67812 0.597576 -2.37844 0.288571
4.63704 3.24986e-07 1.95408 0.692646 0.552295 -2.36518 0.273598
4.68818 2.09179e-07 2.00915 0.715892 0.495033 -2.35192 0.258626
4.73969 1.33613e-07 2.06518 0.738422 0.438441 -2.33866 0.243654
4.7913 8.93086e-08 2.11554 0.767126 0.371098 -2.32477 0.229264
4.83997 6.50905e-08 2.15508 0.802524 0.304742 -2.31088 0.214874
4.88798 4.74501e-08 2.19459 0.83058 0.240918 -2.29699 0.200484
4.94545 3.81126e-08 2.22198 0.866823 0.16945 -2.2831 0.186094
4.99361 3.53819e-08 2.23128 0.910348 0.112367 -2.26921 0.171704
5.0415 3.28178e-08 2.24068 0.951809 0.0602854 -2.25532 0.157314
5.08978 3.0413e-08 2.25019 0.989238 0.0134527 -2.24143 0.142924
5.13829 2.816e-08 2.25981 1 -0.0265064 -2.22736 0.128708
5.19683 2.60065e-08 2.26976 1 -0.0639869 -2.2133 0.114492
5.24513 2.39976e-08 2.27981 1 -0.0831755 -2.1984 0.101145
5.2929 2.1947e-08 2.29097 1 -0.0914739 -2.18273 0.0887147
5.34097 1.99015e-08 2.3032 1 -0.0883578 -2.16635 0.0772468
5.38936 1.79019e-08 2.31644 1 -0.0736475 -2.1493 0.0667821
5.43758 1.59818e-08 2.33062 1 -0.0480218 -2.13166 0.0573582
5.4957 1.41674e-08 2.34568 1 -0.00778344 -2.11349 0.0490091
5.54407 1.24775e-08 2.36156 0.0998421 0.0368263 -2.09513 0.0410801
5.59248 1.09608e-08 2.37776 0.00170701 0.0883163 -2.07677 0.033151
5.64092 9.62488e-09 2.39401 1.77565e-05 0.145399 -2.05841 0.025222
5.68922 8.44875e-09 2.4103 1.26449e-07 0.207207 -2.04004 0.0172929
5.73733 7.41371e-09 2.42664 7.00139e-10 0.272161 -2.02124 0.0104792
5.795 6.4691e-09 2.44367 1.47509e-12 0.349193 -2.00206 0.00480521
5.84306 5.61655e-09 2.46134 5.53402e-15 0.419013 -1.98258 0.000291449
5.89146 4.85478e-09 2.47956 1.85603e-17 0.490233 -1.96286 -0.00304585
5.9397 4.18025e-09 2.49826 5.53079e-20 0.562931 -1.94298 -0.00519467
5.98781 3.58782e-09 2.51736 1.56634e-22 0.636266 -1.923 -0.00614729
6.04617 3.07126e-09 2.53679 1.69921e-25 0.721595 -1.903 -0.00590028
6.09405 2.62375e-09 2.55648 4.25421e-28 0.79647 -1.88303 -0.00475646
6.14196 2.23891e-09 2.5763 1.05494e-30 0.871465 -1.86306 -0.00361265
6.19031 1.91049e-09 2.59613 2.2983e-33 0.948079 -1.8431 -0.00246883
6.23844 1.63021e-09 2.61596 4.87399e-36 1.02503 -1.8231 -0.00212383
6.29618 1.39235e-09 2.63568 3.68836e-39 1.11486 -1.8031 -0.00177883
6.34432 1.18916e-09 2.6554 6.8676e-42 1.19344 -1.78311 -0.00143382
6.39247 1.01559e-09 2.67512 1.23558e-44 1.27244 -1.76311 -0.00108882
6.44048 8.67339e-10 2.69484 2.17133e-47 1.35174 -1.74311 -0.000743812
6.48839 7.40706e-10 2.71457 3.77563e-50 1.43117 -1.72311 -0.000639866
6.54589 6.32751e-10 2.73426 2.42621e-53 1.52305 -1.70311 -0.000535919
6.59364 5.40515e-10 2.75396 4.06863e-56 1.60293 -1.68311 -0.000431973
6.64162 4.6171e-10 2.77365 6.49813e-59 1.68343 -1.66311 -0.000328027
6.68978 3.94384e-10 2.79336 1.00069e-61 1.76438 -1.64311 -0.00022408
6.73791 3.36866e-10 2.81306 1.52691e-64 1.84544 -1.62311 -0.000192765
6.79534 2.87757e-10 2.83276 8.88486e-68 1.93856 -1.60311 -0.00016145
6.8435 2.458e-10 2.85246 1.31125e-70 2.02004 -1.58311 -0.000130136
6.89142 2.09956e-10 2.87216 1.95135e-73 2.10142 -1.56311 -9.88206e-05
6.93912 1.79333e-10 2.89187 2.91352e-76 2.18275 -1.54311 -6.75057e-05
6.98732 1.53173e-10 2.91157 4.14812e-79 2.26468 -1.52311 -5.80719e-05
7.04509 1.30829e-10 2.93128 2.15848e-82 2.3592 -1.50311 -4.86381e-05
7.09317 1.11742e-10 2.951 3.09052e-85 2.44106 -1.48311 -3.92043e-05
7.14106 9.54373e-11 2.97071 4.45387e-88 2.52284 -1.46311 -2.97704e-05
7.18914 8.15095e-11 2.99043 6.12602e-91 2.6052 -1.44311 -2.03366e-05
7.24643 6.96125e-11 3.01015 3.30894e-94 2.69924 -1.42311 -1.74946e-05
7.29394 5.9451e-11 3.02988 4.77071e-97 2.78102 -1.40311 -1.46526e-05
7.34175 5.07717e-11 3.0496 6.73247e-100 2.86306 -1.38311 -1.18106e-05
7.38989 4.33584e-11 3.06933 9.15974e-103 2.94556 -1.36311 -8.96856e-06
7.43792 3.70266e-11 3.08907 2.08466e-105 3.02162 -1.34311 -6.12654e-06
7.48933 3.16188e-11 3.1088 7.69486e-108 3.09165 -1.32311 -5.27037e-06
7.54067 2.70003e-11 3.12854 3.51039e-109 3.13024 -1.30311 -4.41419e-06
7.59178 2.30559e-11 3.14828 7.23584e-110 3.14998 -1.28311 -3.55801e-06
7.64322 1.96873e-11 3.16802 1.49117e-110 3.16972 -1.26311 -2.70184e-06
7.68801 1.68105e-11 3.18777 3.07236e-111 3.18947 -1.24311 -1.84566e-06
7.73948 1.43537e-11 3.20752 6.32887e-112 3.20922 -1.22311 -1.58773e-06
7.79089 1.22558e-11 3.22727 1.30342e-112 3.22897 -1.20311 -1.3298e-06
7.84226 1.04643e-11 3.24703 2.68383e-113 3.24873 -1.18311 -1.07188e-06
7.88724 8.93445e-12 3.26678 5.52507e-114 3.26848 -1.16311 -8.13947e-07
7.9388 7.62813e-12 3.28654 1.13719e-114 3.28824 -1.14311 -5.56019e-07
7.99013 6.51267e-12 3.3063 2.34016e-115 3.308 -1.12311 -4.78316e-07
8.0414 5.56023e-12 3.32607 4.81472e-116 3.32777 -1.10311 -4.00613e-07
8.0927 4.74698e-12 3.34583 9.90409e-117 3.34753 -1.08311 -3.2291e-07
8.13734 4.05261e-12 3.3656 2.03693e-117 3.3673 -1.06311 -2.45207e-07
8.18882 3.45974e-12 3.38537 4.1885e-118 3.38707 -1.04311 -1.67504e-07
8.24019 2.95355e-12 3.40515 8.61116e-119 3.40685 -1.02311 -1.44096e-07
8.29163 2.52137e-12 3.42492 1.77005e-119 3.42662 -1.00311 -1.20687e-07
8.34309 2.1524e-12 3.4447 3.63777e-120 3.4464 -0.983114 -9.72788e-08
8.38808 1.83739e-12 3.46448 7.47495e-121 3.46618 -0.963114 -7.38703e-08
8.4394 1.56845e-12 3.48426 1.5357e-121 3.48596 -0.943114 -5.04617e-08
8.49068 1.33886e-12 3.50404 3.15451e-122 3.50575 -0.923114 -4.34098e-08
8.54194 1.14285e-12 3.52383 6.47865e-123 3.52553 -0.903114 -3.63578e-08
8.59293 9.75526e-13 3.54362 1.33035e-123 3.54532 -0.883114 -2.93059e-08
8.63785 8.32685e-13 3.56341 2.73135e-124 3.56511 -0.863114 -2.2254e-08
8.68931 7.10748e-13 3.5832 5.60685e-125 3.5849 -0.843114 -1.5202e-08
8.74077 6.06657e-13 3.60299 1.15078e-125 3.6047 -0.823114 -1.30776e-08
8.79198 5.17803e-13 3.62279 2.36156e-126 3.62449 -0.803114 -1.09531e-08
8.84284 4.41956e-13 3.64259 4.84551e-127 3.64429 -0.783114 -8.82864e-09
8.88739 3.77213e-13 3.66239 9.94063e-128 3.66409 -0.763114 -6.70418e-09
8.93789 3.2195e-13 3.68219 2.03903e-128 3.68389 -0.743114 -4.57972e-09
8.98828 2.74779e-13 3.70199 4.18187e-129 3.7037 -0.723114 -3.93971e-09
9.03837 2.34516e-13 3.7218 8.5754e-130 3.7235 -0.703114 -3.2997e-09
9.08904 2.0015e-13 3.74161 1.75823e-130 3.74331 -0.683114 -2.65969e-09
9.14004 1.70817e-13 3.76142 3.60443e-131 3.76312 -0.663114 -2.01968e-09
9.19108 1.45782e-13 3.78123 7.38817e-132 3.78293 -0.643114 -1.37967e-09
9.24191 1.24413e-13 3.80104 1.51418e-132 3.80274 -0.623114 -1.18687e-09
9.29233 1.06176e-13 3.82085 3.10285e-133 3.82256 -0.603114 -9.94059e-10
9.34276 9.06106e-14 3.84067 6.35748e-134 3.84237 -0.583114 -8.01251e-10
9.38708 7.73261e-14 3.86049 1.30242e-134 3.86219 -0.563114 -6.08444e-10
9.43759 6.59884e-14 3.88031 2.66786e-135 3.88201 -0.543114 -4.15636e-10
9.48855 5.63124e-14 3.90013 5.46411e-136 3.90183 -0.523114 -3.57551e-10
9.53944 4.80545e-14 3.91995 1.11897e-136 3.92165 -0.503114 -2.99467e-10
9.59047 4.10071e-14 3.93977 2.29122e-137 3.94148 -0.483114 -2.41382e-10
9.64117 3.49928e-14 3.9596 4.69094e-138 3.9613 -0.463114 -1.83298e-10
9.69214 2.98603e-14 3.97942 9.60286e-139 3.98113 -0.443114 -1.25213e-10
9.73676 2.54802e-14 3.99925 1.96557e-139 4.00096 -0.423114 -1.07715e-10
9.78807 2.17424e-14 4.01908 4.02278e-140 4.02079 -0.403114 -9.02163e-11
9.83938 1.85527e-14 4.03891 8.23214e-141 4.04062 -0.383114 -7.2718e-11
9.89084 1.58307e-14 4.05875 1.68442e-141 4.06045 -0.363114 -5.52197e-11
9.94238 1.3508e-14 4.07858 3.44617e-142 4.08029 -0.343114 -3.77214e-11
9.98729 1.15259e-14 4.09842 7.04976e-143 4.10012 -0.323114 -3.24499e-11
10.0387 9.83452e-15 4.11825 1.442e-143 4.11996 -0.303114 -2.71784e-11
10.0902 8.39127e-15 4.13809 2.94922e-144 4.1398 -0.283114 -2.19069e-11
10.1413 7.15975e-15 4.15793 6.03117e-145 4.15964 -0.263114 -1.66354e-11
10.1869 6.1089e-15 4.17777 1.23325e-145 4.17948 -0.243114 -1.13639e-11
10.2387 5.21223e-15 4.19761 2.52147e-146 4.19932 -0.223114 -9.77578e-12
10.2908 4.44713e-15 4.21746 5.1548e-147 4.21917 -0.203114 -8.1877e-12
10.343 3.7943e-15 4.2373 1.05372e-147 4.23901 -0.183114 -6.59962e-12
10.389 3.23727e-15 4.25715 2.15374e-148 4.25886 -0.163114 -5.01153e-12
10.4415 2.76199e-15 4.277 4.40169e-149 4.2787 -0.143114 -3.42345e-12
10.4867 2.35646e-15 4.29685 8.99502e-150 4.29855 -0.123114 -2.94502e-12
10.5385 2.01046e-15 4.3167 1.83798e-150 4.3184 -0.103114 -2.4666e-12
10.5895 1.71524e-15 4.33655 3.75525e-151 4.33825 -0.0831141 -1.98818e-12
10.6409 1.46336e-15 4.3564 7.67177e-152 4.35811 -0.0631141 -1.50976e-12
10.6924 1.24845e-15 4.37625 1.56715e-152 4.37796 -0.0431141 -1.03134e-12
10.7374 1.0651e-15 4.39611 3.201e-153 4.39782 -0.0231141 -8.87208e-13
10.789 9.08666e-16 4.41596 6.53762e-154 4.41767 -0.00311408 -7.4308e-13
10.8406 7.75201e-16 4.43582 1.3351e-154 4.43753 0.0168859 -5.98952e-13
10.892 6.61333e-16 4.45568 2.72628e-155 4.45739 0.0368859 -4.54824e-13
10.9369 5.64186e-16 4.47554 5.56657e-156 4.47725 0.0568859 -3.10697e-13
10.9885 4.81305e-16 4.4954 1.13649e-156 4.49711 0.0768859 -2.67277e-13
11.0403 4.10596e-16 4.51526 2.3201e-157 4.51697 0.0968859 -2.23858e-13
11.0923 3.50272e-16 4.53512 4.73599e-158 4.53683 0.116886 -1.80439e-13
11.1376 2.98808e-16 4.55498 9.66669e-159 4.55669 0.136886 -1.37019e-13
11.1892 2.54903e-16 4.57485 1.97291e-159 4.57656 0.156886 -9.35999e-14
11.2411 2.17448e-16 4.59471 4.02627e-160 4.59642 0.176886 -8.05194e-14
11.2927 1.85495e-16 4.61458 8.21601e-161 4.61629 0.196886 -6.7439e-14
11.3382 1.58236e-16 4.63445 1.67643e-161 4.63616 0.216886 -5.43585e-14
11.3897 1.34981e-16 4.65432 3.42037e-162 4.65603 0.236886 -4.12781e-14
11.4413 1.15143e-16 4.67419 6.97794e-163 4.6759 0.256886 -2.81977e-14
11.4871 9.82203e-17 4.69406 1.42347e-163 4.69577 0.276886 -2.42571e-14
11.5396 8.37839e-17 4.71393 2.90358e-164 4.71564 0.296886 -2.03165e-14
11.5914 7.14687e-17 4.7338 5.92224e-165 4.73551 0.316886 -1.63759e-14
11.6367 6.09633e-17 4.75368 1.20783e-165 4.75539 0.336886 -1.24353e-14
11.6879 5.20017e-17 4.77355 2.46317e-166 4.77526 0.356886 -8.49475e-15
11.7394 4.43571e-17 4.79343 5.02284e-167 4.79514 0.376886 -7.30762e-15
11.7909 3.7836e-17 4.8133 1.02417e-167 4.81501 0.396886 -6.12049e-15
11.8428 3.22734e-17 4.83318 2.08816e-168 4.83489 0.416886 -4.93336e-15
11.8881 2.75284e-17 4.85306 4.25721e-169 4.85477 0.436886 -3.74623e-15
11.9395 2.34809e-17 4.87294 8.6787e-170 4.87465 0.456886 -2.5591e-15
11.9912 2.00283e-17 4.89282 1.76911e-170 4.89453 0.476886 -2.20147e-15
12.0427 1.70833e-17 4.9127 3.60598e-171 4.91441 0.496886 -1.84384e-15
12.0874 1.45712e-17 4.93258 7.34959e-172 4.93429 0.516886 -1.48621e-15
12.1387 1.24285e-17 4.95246 1.49787e-172 4.95417 0.536886 -1.12858e-15
12.19 1.06007e-17 4.97234 3.05248e-173 4.97406 0.556886 -7.70945e-16
12.2414 9.04172e-18 4.99223 6.22021e-174 4.99394 0.576886 -6.63207e-16
12.2928 7.71194e-18 5.01211 1.26744e-174 5.01382 0.596886 -5.55469e-16
12.3377 6.57769e-18 5.032 2.5824e-175 5.03371 0.616886 -4.4773e-16
12.3892 5.61023e-18 5.05189 5.26127e-176 5.0536 0.636886 -3.39992e-16
12.4405 4.78503e-18 5.07177 1.07184e-176 5.07348 0.656886 -2.32253e-16
12.4917 4.08118e-18 5.09166 2.18344e-177 5.09337 0.676886 -1.99796e-16
12.5426 3.48085e-18 5.11155 4.44761e-178 5.11326 0.696886 -1.67339e-16
12.5877 2.9688e-18 5.13144 9.05908e-179 5.13315 0.716886 -1.34882e-16
12.6391 2.53206e-18 5.15133 1.84508e-179 5.15304 0.736886 -1.02425e-16
12.6905 2.15956e-18 5.17122 3.75769e-180 5.17293 0.756886 -6.99681e-17
12.7428 1.84184e-18 5.19111 7.65244e-181 5.19283 0.776886 -6.01902e-17
12.7883 1.57086e-18 5.21101 1.55831e-181 5.21272 0.796886 -5.04122e-17
12.8406 1.33974e-18 5.2309 3.17308e-182 5.23261 0.816886 -4.06343e-17
12.8922 1.14262e-18 5.25079 6.46076e-183 5.25251 0.836886 -3.08564e-17
12.9375 9.74496e-19 5.27069 1.31541e-183 5.2724 0.856886 -2.10784e-17
12.9888 8.31104e-19 5.29058 2.67802e-184 5.2923 0.876886 -1.81327e-17
13.0409 7.08808e-19 5.31048 5.45184e-185 5.31219 0.896886 -1.5187e-17
13.0865 6.04504e-19 5.33038 1.10981e-185 5.33209 0.916886 -1.22414e-17
13.1386 5.15546e-19 5.35028 2.25906e-186 5.35199 0.916886 -1.22414e-17
13.1907 5.15546e-19 5.35028 2.25906e-186 5.35199 0.916886 -1.22414e-17
13.2427 5.15546e-19 5.35028 2.25906e-186 5.35199 0.916886 -1.22414e-17
13.2883 5.15546e-19 5.35028 2.25906e-186 5.35199 0.916886 -1.22414e-17
13.3405 5.15546e-19 5.35028 2.25906e-186 5.35199 0.916886 -1.22414e-17
13.3928 5.15546e-19 5.35028 2.25906e-186 5.35199 0.916886 -1.22414e-17
13.4376 5.15546e-19 5.35028 2.25906e-186 5.35199 0.916886 -1.22414e-17
13.4899 5.15546e-19 5.35028 2.25906e-186 5.35199 0.916886 -1.22414e-17
13.5426 5.15546e-19 5.35028 2.25906e-186 5.35199 0.916886 -1.22414e-17
