0.100000  0.111141  3.444750  0.004092  6.923962
0.200000  0.124094  3.307159  0.004620  6.784291
0.300000  0.138350  3.170847  0.005221  6.644861
0.400000  0.154050  3.034753  0.005900  6.505427
0.500000  0.171297  2.898905  0.006667  6.365988
0.600000  0.190189  2.763331  0.007533  6.226545
0.700000  0.210818  2.628069  0.008512  6.087097
0.800000  0.233267  2.493160  0.009617  5.947646
0.900000  0.257605  2.358653  0.010864  5.808192
1.000000  0.283884  2.224607  0.012273  5.668736
1.100000  0.312129  2.091092  0.013862  5.529276
1.200000  0.342340  1.958192  0.015657  5.389815
1.300000  0.374413  1.826326  0.017684  5.250419
1.400000  0.408315  1.695324  0.019971  5.111019
1.500000  0.443919  1.565345  0.022551  4.971616
1.600000  0.481040  1.436586  0.025460  4.832210
1.700000  0.519434  1.309296  0.028739  4.692802
1.800000  0.558789  1.183792  0.032433  4.553393
1.900000  0.598720  1.060482  0.036594  4.413983
2.000000  0.638760  0.939894  0.041277  4.274574
2.100000  0.678349  0.822723  0.046545  4.135166
2.200000  0.716822  0.709890  0.052468  3.995761
2.300000  0.753381  0.602620  0.059122  3.856359
2.400000  0.787052  0.502539  0.066591  3.716963
2.500000  0.816600  0.411789  0.074968  3.577574
2.600000  0.840338  0.333098  0.084353  3.438193
2.700000  0.855650  0.269750  0.094855  3.298823
2.800000  0.857713  0.225290  0.106592  3.159466
2.900000  0.839116  0.202867  0.119691  3.020126
3.000000  0.838509  0.203646  0.171193  2.880780
3.100000  0.000000  0.224531  0.189098  2.741571
3.200000  0.000000  0.264055  0.208494  2.602958
3.300000  0.000000  0.319655  0.229349  2.465418
3.400000  0.000000  0.388324  0.251593  2.329448
3.500000  0.000000  0.467140  0.275733  2.195563
3.600000  0.000000  0.553539  0.300381  2.064294
3.700000  0.000000  0.647691  0.327069  1.934551
3.800000  0.000000  0.749276  0.355403  1.805432
3.900000  0.000000  0.856758  0.384532  1.677055
4.000000  0.000000  0.968384  0.415783  1.550034
4.100000  0.000000  1.083839  0.448406  1.424100
4.200000  0.000000  1.202405  0.482229  1.299485
4.300000  0.000000  1.323523  0.516033  1.176481
4.400000  0.000000  1.446261  0.551191  1.055991
4.500000  0.000000  1.570803  0.586556  0.938007
4.600000  0.000000  1.696869  0.621591  0.823174
4.700000  0.000000  1.824236  0.654411  0.712341
4.800000  0.000000  1.952278  0.685956  0.607250
4.900000  0.000000  2.081317  0.713925  0.508826
5.000000  0.000000  2.211228  0.734378  0.419035
5.100000  0.000000  2.341491  0.745026  0.341069
5.200000  0.000000  2.472458  0.781725  0.277305
5.300000  0.000000  2.604055  0.817228  0.231061
5.400000  0.000000  2.736218  0.837142  0.205402
5.500000  0.000000  2.869270  0.840026  0.201700
5.600000  0.000000  3.004556  0.000000  0.217712
5.700000  0.000000  3.141603  0.000000  0.252669
5.800000  0.000000  3.279943  0.000000  0.304544
5.900000  0.000000  3.419118  0.000000  0.370639
6.000000  0.000000  3.558681  0.000000  0.448139
6.100000  0.000000  3.698290  0.000000  0.536792
6.200000  0.000000  3.837918  0.000000  0.634966
6.300000  0.000000  3.977562  0.000000  0.740572
6.400000  0.000000  4.117222  0.000000  0.851988
6.500000  0.000000  4.256895  0.000000  0.967977
6.600000  0.000000  4.396582  0.000000  1.087595
6.700000  0.000000  4.536280  0.000000  1.210124
6.800000  0.000000  4.675989  0.000000  1.335011
6.900000  0.000000  4.815708  0.000000  1.461827
7.000000  0.000000  4.955436  0.000000  1.590237
7.100000  0.000000  5.095173  0.000000  1.719977
7.200000  0.000000  5.234917  0.000000  1.850835
7.300000  0.000000  5.374670  0.000000  1.982642
7.400000  0.000000  5.514429  0.000000  2.115258
7.500000  0.000000  5.654194  0.000000  2.248572
7.600000  0.000000  5.793965  0.000000  2.382490
7.700000  0.000000  5.933742  0.000000  2.516933
7.800000  0.000000  6.073525  0.000000  2.651837
7.900000  0.000000  6.213312  0.000000  2.787146
8.000000  0.000000  6.353103  0.000000  2.922814
8.100000  0.000000  6.492900  0.000000  3.058802
8.200000  0.000000  6.632700  0.000000  3.195073
8.300000  0.000000  6.772504  0.000000  3.331600
8.400000  0.000000  6.912312  0.000000  3.468356
8.500000  0.000000  7.052123  0.000000  3.605320
8.600000  0.000000  7.191938  0.000000  3.742470
8.700000  0.000000  7.331755  0.000000  3.879791
8.800000  0.000000  7.400000  0.000000  4.017267
8.900000  0.000000  7.400000  0.000000  4.154884
9.000000  0.000000  7.400000  0.000000  4.292631
9.100000  0.000000  7.400000  0.000000  4.430497
9.200000  0.000000  7.400000  0.000000  4.568473
9.300000  0.000000  7.400000  0.000000  4.706549
9.400000  0.000000  7.400000  0.000000  4.844718
9.500000  0.000000  7.400000  0.000000  4.982974
9.600000  0.000000  7.400000  0.000000  5.121310
9.700000  0.000000  7.400000  0.000000  5.259720
9.800000  0.000000  7.400000  0.000000  5.398200
9.900000  0.000000  7.400000  0.000000  5.536744
10.000000  0.000000  7.400000  0.000000  5.675348
10.100000  0.000000  7.400000  0.000000  5.814009
10.200000  0.000000  7.400000  0.000000  5.952723
10.300000  0.000000  7.400000  0.000000  6.091486
10.400000  0.000000  7.400000  0.000000  6.230295
10.500000  0.000000  7.400000  0.000000  6.369148
10.600000  0.000000  7.400000  0.000000  6.508043
10.700000  0.000000  7.400000  0.000000  6.646976
10.800000  0.000000  7.400000  0.000000  6.785945
10.900000  0.000000  7.400000  0.000000  6.924950
11.000000  0.000000  7.400000  0.000000  7.063987
11.100000  0.000000  7.400000  0.000000  7.203055
11.200000  0.000000  7.400000  0.000000  7.342152
11.300000  0.000000  7.400000  0.000000  7.400000
11.400000  0.000000  7.400000  0.000000  7.400000
11.500000  0.000000  7.400000  0.000000  7.400000
11.600000  0.000000  7.400000  0.000000  7.400000
11.700000  0.000000  7.400000  0.000000  7.400000
11.800000  0.000000  7.400000  0.000000  7.400000
11.900000  0.000000  7.400000  0.000000  7.400000
12.000000  0.000000  7.400000  0.000000  7.400000
12.100000  0.000000  7.400000  0.000000  7.400000
12.200000  0.000000  7.400000  0.000000  7.400000
12.300000  0.000000  7.400000  0.000000  7.400000
12.400000  0.000000  7.400000  0.000000  7.400000
12.500000  0.000000  7.400000  0.000000  7.400000
12.600000  0.000000  7.400000  0.000000  7.400000
12.700000  0.000000  7.400000  0.000000  7.400000
12.800000  0.000000  7.400000  0.000000  7.400000
12.900000  0.000000  7.400000  0.000000  7.400000
13.000000  0.000000  7.400000  0.000000  7.400000
13.100000  0.000000  7.400000  0.000000  7.400000
13.200000  0.000000  7.400000  0.000000  7.400000
13.300000  0.000000  7.400000  0.000000  7.400000
13.400000  0.000000  7.400000  0.000000  7.400000
13.500000  0.000000  7.400000  0.000000  7.400000
13.600000  0.000000  7.400000  0.000000  7.400000
13.700000  0.000000  7.400000  0.000000  7.400000
13.800000  0.000000  7.400000  0.000000  7.400000
13.900000  0.000000  7.400000  0.000000  7.400000
14.000000  0.000000  7.400000  0.000000  7.400000
14.100000  0.000000  7.400000  0.000000  7.400000
14.200000  0.000000  7.400000  0.000000  7.400000
14.300000  0.000000  7.400000  0.000000  7.400000
14.400000  0.000000  7.400000  0.000000  7.400000
14.500000  0.000000  7.400000  0.000000  7.400000
14.600000  0.000000  7.400000  0.000000  7.400000
14.700000  0.000000  7.400000  0.000000  7.400000
14.800000  0.000000  7.400000  0.000000  7.400000
14.900000  0.000000  7.400000  0.000000  7.400000
15.000000  0.000000  7.400000  0.000000  7.400000
15.100000  0.000000  7.400000  0.000000  7.400000
15.200000  0.000000  7.400000  0.000000  7.400000
15.300000  0.000000  7.400000  0.000000  7.400000
15.400000  0.000000  7.400000  0.000000  7.400000
15.500000  0.000000  7.400000  0.000000  7.400000
15.600000  0.000000  7.400000  0.000000  7.400000
15.700000  0.000000  7.400000  0.000000  7.400000
15.800000  0.000000  7.400000  0.000000  7.400000
15.900000  0.000000  7.400000  0.000000  7.400000
16.000000  0.000000  7.400000  0.000000  7.400000
16.100000  0.000000  7.400000  0.000000  7.400000
16.200000  0.000000  7.400000  0.000000  7.400000
16.300000  0.000000  7.400000  0.000000  7.400000
16.400000  0.000000  7.400000  0.000000  7.400000
16.500000  0.000000  7.400000  0.000000  7.400000
16.600000  0.000000  7.400000  0.000000  7.400000
16.700000  0.000000  7.400000  0.000000  7.400000
16.800000  0.000000  7.400000  0.000000  7.400000
16.900000  0.000000  7.400000  0.000000  7.400000
17.000000  0.000000  7.400000  0.000000  7.400000
17.100000  0.000000  7.400000  0.000000  7.400000
17.200000  0.000000  7.400000  0.000000  7.400000
17.300000  0.000000  7.400000  0.000000  7.400000
17.400000  0.000000  7.400000  0.000000  7.400000
17.500000  0.000000  7.400000  0.000000  7.400000
17.600000  0.000000  7.400000  0.000000  7.400000
17.700000  0.000000  7.400000  0.000000  7.400000
17.800000  0.000000  7.400000  0.000000  7.400000
17.900000  0.000000  7.400000  0.000000  7.400000
18.000000  0.000000  7.400000  0.000000  7.400000
18.100000  0.000000  7.400000  0.000000  7.400000
18.200000  0.000000  7.400000  0.000000  7.400000
18.300000  0.000000  7.400000  0.000000  7.400000
18.400000  0.000000  7.400000  0.000000  7.400000
18.500000  0.000000  7.400000  0.000000  7.400000
18.600000  0.000000  7.400000  0.000000  7.400000
18.700000  0.000000  7.400000  0.000000  7.400000
18.800000  0.000000  7.400000  0.000000  7.400000
18.900000  0.000000  7.400000  0.000000  7.400000
19.000000  0.000000  7.400000  0.000000  7.400000
19.100000  0.000000  7.400000  0.000000  7.400000
19.200000  0.000000  7.400000  0.000000  7.400000
19.300000  0.000000  7.400000  0.000000  7.400000
19.400000  0.000000  7.400000  0.000000  7.400000
19.500000  0.000000  7.400000  0.000000  7.400000
19.600000  0.000000  7.400000  0.000000  7.400000
19.700000  0.000000  7.400000  0.000000  7.400000
19.800000  0.000000  7.400000  0.000000  7.400000
19.900000  0.000000  7.400000  0.000000  7.400000
20.000000  0.000000  7.400000  0.000000  7.400000
20.100000  0.000000  7.400000  0.000000  7.400000
20.200000  0.000000  7.400000  0.000000  7.400000
20.300000  0.000000  7.400000  0.000000  7.400000
20.400000  0.000000  7.400000  0.000000  7.400000
20.500000  0.000000  7.400000  0.000000  7.400000
20.600000  0.000000  7.400000  0.000000  7.400000
20.700000  0.000000  7.400000  0.000000  7.400000
20.800000  0.000000  7.400000  0.000000  7.400000
20.900000  0.000000  7.400000  0.000000  7.400000
21.000000  0.000000  7.400000  0.000000  7.400000
21.100000  0.000000  7.400000  0.000000  7.400000
21.200000  0.000000  7.400000  0.000000  7.400000
21.300000  0.000000  7.400000  0.000000  7.400000
21.400000  0.000000  7.400000  0.000000  7.400000
21.500000  0.000000  7.400000  0.000000  7.400000
21.600000  0.000000  7.400000  0.000000  7.400000
21.700000  0.000000  7.400000  0.000000  7.400000
21.800000  0.000000  7.400000  0.000000  7.400000
21.900000  0.000000  7.400000  0.000000  7.400000
22.000000  0.000000  7.400000  0.000000  7.400000
22.100000  0.000000  7.400000  0.000000  7.400000
22.200000  0.000000  7.400000  0.000000  7.400000
22.300000  0.000000  7.400000  0.000000  7.400000
22.400000  0.000000  7.400000  0.000000  7.400000
22.500000  0.000000  7.400000  0.000000  7.400000
22.600000  0.000000  7.400000  0.000000  7.400000
22.700000  0.000000  7.400000  0.000000  7.400000
22.800000  0.000000  7.400000  0.000000  7.400000
22.900000  0.000000  7.400000  0.000000  7.400000
23.000000  0.000000  7.400000  0.000000  7.400000
23.100000  0.000000  7.400000  0.000000  7.400000
23.200000  0.000000  7.400000  0.000000  7.400000
23.300000  0.000000  7.400000  0.000000  7.400000
23.400000  0.000000  7.400000  0.000000  7.400000
23.500000  0.000000  7.400000  0.000000  7.400000
23.600000  0.000000  7.400000  0.000000  7.400000
23.700000  0.000000  7.400000  0.000000  7.400000
23.800000  0.000000  7.400000  0.000000  7.400000
23.900000  0.000000  7.400000  0.000000  7.400000
24.000000  0.000000  7.400000  0.000000  7.400000
24.100000  0.000000  7.400000  0.000000  7.400000
24.200000  0.000000  7.400000  0.000000  7.400000
24.300000  0.000000  7.400000  0.000000  7.400000
24.400000  0.000000  7.400000  0.000000  7.400000
24.500000  0.000000  7.400000  0.000000  7.400000
24.600000  0.000000  7.400000  0.000000  7.400000
24.700000  0.000000  7.400000  0.000000  7.400000
24.800000  0.000000  7.400000  0.000000  7.400000
24.900000  0.000000  7.400000  0.000000  7.400000
25.000000  0.000000  7.400000  0.000000  7.400000
25.100000  0.000000  7.400000  0.000000  7.400000
25.200000  0.000000  7.400000  0.000000  7.400000
25.300000  0.000000  7.400000  0.000000  7.400000
25.400000  0.000000  7.400000  0.000000  7.400000
25.500000  0.000000  7.400000  0.000000  7.400000
25.600000  0.000000  7.400000  0.000000  7.400000
25.700000  0.000000  7.400000  0.000000  7.400000
25.800000  0.000000  7.400000  0.000000  7.400000
25.900000  0.000000  7.400000  0.000000  7.400000
26.000000  0.000000  7.400000  0.000000  7.400000
26.100000  0.000000  7.400000  0.000000  7.400000
26.200000  0.000000  7.400000  0.000000  7.400000
26.300000  0.000000  7.400000  0.000000  7.400000
26.400000  0.000000  7.400000  0.000000  7.400000
26.500000  0.000000  7.400000  0.000000  7.400000
26.600000  0.000000  7.400000  0.000000  7.400000
26.700000  0.000000  7.400000  0.000000  7.400000
26.800000  0.000000  7.400000  0.000000  7.400000
26.900000  0.000000  7.400000  0.000000  7.400000
27.000000  0.000000  7.400000  0.000000  7.400000
27.100000  0.000000  7.400000  0.000000  7.400000
27.200000  0.000000  7.400000  0.000000  7.400000
27.300000  0.000000  7.400000  0.000000  7.400000
27.400000  0.000000  7.400000  0.000000  7.400000
27.500000  0.000000  7.400000  0.000000  7.400000
27.600000  0.000000  7.400000  0.000000  7.400000
27.700000  0.000000  7.400000  0.000000  7.400000
27.800000  0.000000  7.400000  0.000000  7.400000
27.900000  0.000000  7.400000  0.000000  7.400000
28.000000  0.000000  7.400000  0.000000  7.400000
28.100000  0.000000  7.400000  0.000000  7.400000
28.200000  0.000000  7.400000  0.000000  7.400000
28.300000  0.000000  7.400000  0.000000  7.400000
28.400000  0.000000  7.400000  0.000000  7.400000
28.500000  0.000000  7.400000  0.000000  7.400000
28.600000  0.000000  7.400000  0.000000  7.400000
28.700000  0.000000  7.400000  0.000000  7.400000
28.800000  0.000000  7.400000  0.000000  7.400000
28.900000  0.000000  7.400000  0.000000  7.400000
29.000000  0.000000  7.400000  0.000000  7.400000
29.100000  0.000000  7.400000  0.000000  7.400000
29.200000  0.000000  7.400000  0.000000  7.400000
29.300000  0.000000  7.400000  0.000000  7.400000
29.400000  0.000000  7.400000  0.000000  7.400000
29.500000  0.000000  7.400000  0.000000  7.400000
29.600000  0.000000  7.400000  0.000000  7.400000
29.700000  0.000000  7.400000  0.000000  7.400000
29.800000  0.000000  7.400000  0.000000  7.400000
29.900000  0.000000  7.400000  0.000000  7.400000
30.000000  0.000000  7.400000  0.000000  7.400000
30.100000  0.000000  7.400000  0.000000  7.400000
30.200000  0.000000  7.400000  0.000000  7.400000
30.300000  0.000000  7.400000  0.000000  7.400000
30.400000  0.000000  7.400000  0.000000  7.400000
30.500000  0.000000  7.400000  0.000000  7.400000
30.600000  0.000000  7.400000  0.000000  7.400000
30.700000  0.000000  7.400000  0.000000  7.400000
30.800000  0.000000  7.400000  0.000000  7.400000
30.900000  0.000000  7.400000  0.000000  7.400000
31.000000  0.000000  7.400000  0.000000  7.400000
31.100000  0.000000  7.400000  0.000000  7.400000
31.200000  0.000000  7.400000  0.000000  7.400000
31.300000  0.000000  7.400000  0.000000  7.400000
31.400000  0.000000  7.400000  0.000000  7.400000
31.500000  0.000000  7.400000  0.000000  7.400000
31.600000  0.000000  7.400000  0.000000  7.400000
31.700000  0.000000  7.400000  0.000000  7.400000
31.800000  0.000000  7.400000  0.000000  7.400000
31.900000  0.000000  7.400000  0.000000  7.400000
32.000000  0.000000  7.400000  0.000000  7.400000
32.100000  0.000000  7.400000  0.000000  7.400000
32.200000  0.000000  7.400000  0.000000  7.400000
32.300000  0.000000  7.400000  0.000000  7.400000
32.400000  0.000000  7.400000  0.000000  7.400000
32.500000  0.000000  7.400000  0.000000  7.400000
32.600000  0.000000  7.400000  0.000000  7.400000
32.700000  0.000000  7.400000  0.000000  7.400000
32.800000  0.000000  7.400000  0.000000  7.400000
32.900000  0.000000  7.400000  0.000000  7.400000
33.000000  0.000000  7.400000  0.000000  7.400000
33.100000  0.000000  7.400000  0.000000  7.400000
33.200000  0.000000  7.400000  0.000000  7.400000
33.300000  0.000000  7.400000  0.000000  7.400000
33.400000  0.000000  7.400000  0.000000  7.400000
33.500000  0.000000  7.400000  0.000000  7.400000
33.600000  0.000000  7.400000  0.000000  7.400000
33.700000  0.000000  7.400000  0.000000  7.400000
33.800000  0.000000  7.400000  0.000000  7.400000
33.900000  0.000000  7.400000  0.000000  7.400000
34.000000  0.000000  7.400000  0.000000  7.400000
34.100000  0.000000  7.400000  0.000000  7.400000
34.200000  0.000000  7.400000  0.000000  7.400000
34.300000  0.000000  7.400000  0.000000  7.400000
34.400000  0.000000  7.400000  0.000000  7.400000
34.500000  0.000000  7.400000  0.000000  7.400000
34.600000  0.000000  7.400000  0.000000  7.400000
34.700000  0.000000  7.400000  0.000000  7.400000
34.800000  0.000000  7.400000  0.000000  7.400000
34.900000  0.000000  7.400000  0.000000  7.400000
35.000000  0.000000  7.400000  0.000000  7.400000
35.100000  0.000000  7.400000  0.000000  7.400000
35.200000  0.000000  7.400000  0.000000  7.400000
35.300000  0.000000  7.400000  0.000000  7.400000
35.400000  0.000000  7.400000  0.000000  7.400000
35.500000  0.000000  7.400000  0.000000  7.400000
35.600000  0.000000  7.400000  0.000000  7.400000
35.700000  0.000000  7.400000  0.000000  7.400000
35.800000  0.000000  7.400000  0.000000  7.400000
35.900000  0.000000  7.400000  0.000000  7.400000
36.000000  0.000000  7.400000  0.000000  7.400000
36.100000  0.000000  7.400000  0.000000  7.400000
36.200000  0.000000  7.400000  0.000000  7.400000
36.300000  0.000000  7.400000  0.000000  7.400000
36.400000  0.000000  7.400000  0.000000  7.400000
36.500000  0.000000  7.400000  0.000000  7.400000
36.600000  0.000000  7.400000  0.000000  7.400000
36.700000  0.000000  7.400000  0.000000  7.400000
36.800000  0.000000  7.400000  0.000000  7.400000
36.900000  0.000000  7.400000  0.000000  7.400000
37.000000  0.000000  7.400000  0.000000  7.400000
37.100000  0.000000  7.400000  0.000000  7.400000
37.200000  0.000000  7.400000  0.000000  7.400000
37.300000  0.000000  7.400000  0.000000  7.400000
37.400000  0.000000  7.400000  0.000000  7.400000
37.500000  0.000000  7.400000  0.000000  7.400000
37.600000  0.000000  7.400000  0.000000  7.400000
37.700000  0.000000  7.400000  0.000000  7.400000
37.800000  0.000000  7.400000  0.000000  7.400000
37.900000  0.000000  7.400000  0.000000  7.400000
38.000000  0.000000  7.400000  0.000000  7.400000
38.100000  0.000000  7.400000  0.000000  7.400000
38.200000  0.000000  7.400000  0.000000  7.400000
38.300000  0.000000  7.400000  0.000000  7.400000
38.400000  0.000000  7.400000  0.000000  7.400000
38.500000  0.000000  7.400000  0.000000  7.400000
38.600000  0.000000  7.400000  0.000000  7.400000
38.700000  0.000000  7.400000  0.000000  7.400000
38.800000  0.000000  7.400000  0.000000  7.400000
38.900000  0.000000  7.400000  0.000000  7.400000
39.000000  0.000000  7.400000  0.000000  7.400000
39.100000  0.000000  7.400000  0.000000  7.400000
39.200000  0.000000  7.400000  0.000000  7.400000
39.300000  0.000000  7.400000  0.000000  7.400000
39.400000  0.000000  7.400000  0.000000  7.400000
39.500000  0.000000  7.400000  0.000000  7.400000
39.600000  0.000000  7.400000  0.000000  7.400000
39.700000  0.000000  7.400000  0.000000  7.400000
39.800000  0.000000  7.400000  0.000000  7.400000
39.900000  0.000000  7.400000  0.000000  7.400000
40.000000  0.000000  7.400000  0.000000  7.400000
40.100000  0.000000  7.400000  0.000000  7.400000
40.200000  0.000000  7.400000  0.000000  7.400000
40.300000  0.000000  7.400000  0.000000  7.400000
40.400000  0.000000  7.400000  0.000000  7.400000
40.500000  0.000000  7.400000  0.000000  7.400000
40.600000  0.000000  7.400000  0.000000  7.400000
40.700000  0.000000  7.400000  0.000000  7.400000
40.800000  0.000000  7.400000  0.000000  7.400000
40.900000  0.000000  7.400000  0.000000  7.400000
41.000000  0.000000  7.400000  0.000000  7.400000
41.100000  0.000000  7.400000  0.000000  7.400000
41.200000  0.000000  7.400000  0.000000  7.400000
41.300000  0.000000  7.400000  0.000000  7.400000
41.400000  0.000000  7.400000  0.000000  7.400000
41.500000  0.000000  7.400000  0.000000  7.400000
41.600000  0.000000  7.400000  0.000000  7.400000
41.700000  0.000000  7.400000  0.000000  7.400000
41.800000  0.000000  7.400000  0.000000  7.400000
41.900000  0.000000  7.400000  0.000000  7.400000
42.000000  0.000000  7.400000  0.000000  7.400000
