0.0558759 0.00463427 7.30317 0.00876603 6.75946 -3.96 0
0.103152 0.0049383 7.22598 0.00936847 6.67576 -3.94 0
0.150342 0.0061444 7.166 0.00985645 6.61179 -3.92 0
0.207019 0.00648599 7.09759 0.0104417 6.53911 -3.9 0
0.254274 0.00679977 7.03779 0.0109835 6.47534 -3.88 0
0.301033 0.00712387 6.97819 0.0115514 6.41178 -3.86 0
0.356771 0.007521 6.91069 0.0122273 6.34004 -3.84 0
0.403163 0.00788452 6.85156 0.012854 6.27697 -3.82 0
0.449539 0.00827021 6.79245 0.0135123 6.21392 -3.8 0
0.50522 0.00873414 6.725 0.0143012 6.14226 -3.78 0
0.551628 0.0091614 6.66587 0.0150331 6.0792 -3.76 0
0.607303 0.00967727 6.59842 0.01591 6.00754 -3.74 0
0.653606 0.0101353 6.53938 0.016722 5.94458 -3.72 0
0.699984 0.0106408 6.48029 0.0175758 5.88158 -3.7 0
0.75563 0.0112408 6.41286 0.0185989 5.80995 -3.68 0
0.802032 0.0117922 6.35374 0.0195476 5.74693 -3.66 0
0.857722 0.0124499 6.2863 0.0206842 5.6753 -3.64 0
0.904149 0.0130572 6.22717 0.021738 5.61228 -3.62 0
0.950521 0.0136848 6.16809 0.0228439 5.54931 -3.6 0
1.00618 0.0144604 6.10064 0.0241693 5.47769 -3.58 0
1.05253 0.0151622 6.04155 0.025397 5.41472 -3.56 0
1.10818 0.0160101 5.97416 0.0268667 5.34318 -3.54 0
1.15457 0.0167901 5.91506 0.0282292 5.28021 -3.52 0
1.20094 0.0175969 5.85599 0.0296587 5.21728 -3.5 0
1.25663 0.0185893 5.78855 0.0313717 5.1457 -3.48 0
1.30302 0.0194911 5.72945 0.0329577 5.08276 -3.46 0
1.35864 0.0205802 5.66209 0.0348546 5.01127 -3.44 0
1.40507 0.0215782 5.60297 0.0366136 4.94832 -3.42 0
1.45118 0.0226167 5.54411 0.038451 4.88564 -3.4 0
1.50679 0.0238795 5.47669 0.0406582 4.81412 -3.38 0
1.55315 0.0250302 5.41767 0.0426985 4.7513 -3.36 0
1.6088 0.0264183 5.35031 0.0451406 4.67985 -3.34 0
1.65516 0.027695 5.29124 0.0474014 4.61699 -3.32 0
1.7015 0.0290357 5.2322 0.0497709 4.55417 -3.3 0
1.75715 0.0306436 5.16483 0.0526046 4.48274 -3.28 0
1.8035 0.0321175 5.1058 0.0552248 4.41995 -3.26 0
1.85002 0.0336702 5.04652 0.0579821 4.35691 -3.24 0
1.90565 0.035542 4.97924 0.0612619 4.2856 -3.22 0
1.952 0.0372445 4.92018 0.0642973 4.22282 -3.2 0
2.00768 0.0392999 4.85282 0.0679238 4.15146 -3.18 0
2.05408 0.0411834 4.79374 0.071276 4.08867 -3.16 0
2.10047 0.0431534 4.73469 0.0747848 4.02592 -3.14 0
2.15612 0.0455288 4.66732 0.0789746 3.95459 -3.12 0
2.20251 0.0477004 4.60827 0.0828429 3.89187 -3.1 0
2.25798 0.0502488 4.54105 0.0874499 3.82072 -3.08 0
2.30419 0.0527192 4.48216 0.0916977 3.75821 -3.06 0
2.35046 0.0552144 4.42312 0.0961512 3.69555 -3.04 0
2.40616 0.0582239 4.35586 0.101456 3.6244 -3.02 0
2.45256 0.0609914 4.29679 0.106355 3.56174 -3 0
2.50813 0.0643021 4.22956 0.112181 3.49066 -2.98 0
2.55447 0.0673022 4.17056 0.117554 3.42812 -2.96 0
2.60088 0.0705143 4.11149 0.123169 3.36553 -2.94 0
2.65661 0.0743449 4.04411 0.129858 3.29435 -2.92 0
2.70272 0.0777756 3.98532 0.135983 3.23208 -2.9 0
2.75839 0.0820026 3.91801 0.143297 3.16104 -2.88 0
2.8048 0.0858522 3.85898 0.150024 3.09857 -2.86 0
2.85122 0.0898508 3.79993 0.157037 3.03611 -2.84 0
2.90676 0.0946276 3.73272 0.165354 2.96525 -2.82 0
2.9531 0.0990488 3.67376 0.172992 2.90294 -2.8 0
2.99949 0.103637 3.61476 0.180948 2.84062 -2.78 0
3.05485 0.109112 3.54776 0.190349 2.77007 -2.76 0
3.10114 0.114104 3.4888 0.198995 2.70785 -2.74 0
3.15672 0.12013 3.42164 0.209229 2.63722 -2.72 0
3.20306 0.125629 3.3627 0.218606 2.5751 -2.7 0
3.2494 0.131356 3.30377 0.228337 2.51305 -2.68 0
3.30541 0.138207 3.23652 0.23986 2.44244 -2.66004 0.00119928
3.35187 0.145382 3.17674 0.247415 2.3804 -2.64004 0.00119928
3.40749 0.152031 3.10957 0.262776 2.30999 -2.62004 0.001028
3.45366 0.158643 3.05076 0.274529 2.24815 -2.60004 0.000856729
3.49956 0.165664 2.99234 0.286197 2.18675 -2.58004 0.000685454
3.55404 0.173952 2.92615 0.299857 2.11742 -2.56004 0.000514178
3.60026 0.181715 2.8676 0.312389 2.05602 -2.54007 0.00154245
3.65586 0.191746 2.80026 0.32353 1.98649 -2.52019 0.00376656
3.70178 0.200721 2.74067 0.332467 1.92584 -2.50048 0.00717851
3.75648 0.210794 2.67321 0.342571 1.85806 -2.48102 0.011766
3.80221 0.219574 2.61338 0.350527 1.79906 -2.46186 0.0175126
3.85663 0.229564 2.5455 0.359239 1.73281 -2.44308 0.0243975
3.90189 0.238005 2.48587 0.365392 1.676 -2.42475 0.032396
3.95625 0.247569 2.41812 0.372593 1.6119 -2.40693 0.0414794
4.00189 0.255604 2.35816 0.376675 1.55678 -2.38939 0.0510809
4.05681 0.26625 2.2903 0.386615 1.49427 -2.37245 0.0617172
4.10268 0.273875 2.23044 0.389019 1.44095 -2.35618 0.07335
4.15751 0.282412 2.16325 0.392301 1.38128 -2.34064 0.0859374
4.20469 0.289175 2.10308 0.393772 1.32979 -2.32511 0.0985355
4.25049 0.300596 2.04421 0.400479 1.28 -2.30957 0.111134
4.30543 0.313672 1.97774 0.413324 1.22303 -2.29404 0.123732
4.35135 0.325548 1.91932 0.423478 1.17457 -2.27851 0.13633
4.40701 0.339489 1.85276 0.434933 1.11856 -2.26297 0.148928
4.45331 0.352072 1.79442 0.443842 1.07127 -2.24744 0.161526
4.49963 0.364925 1.73631 0.452141 1.02482 -2.23269 0.175033
4.55529 0.373474 1.67108 0.444346 0.972827 -2.21813 0.188745
4.60171 0.384843 1.6141 0.444886 0.929767 -2.20357 0.202457
4.65732 0.399679 1.54982 0.449583 0.880582 -2.18901 0.216169
4.7035 0.412877 1.49381 0.450577 0.840198 -2.17445 0.229881
4.74976 0.426219 1.43814 0.449461 0.801092 -2.15989 0.243594
4.80545 0.441508 1.37532 0.45923 0.756554 -2.14533 0.257306
4.85245 0.455039 1.32045 0.479954 0.720504 -2.13106 0.271318
4.89987 0.465859 1.26566 0.500366 0.686023 -2.11679 0.28533
4.95676 0.481223 1.2039 0.524102 0.647085 -2.10252 0.299342
5.00434 0.494578 1.15053 0.54297 0.616939 -2.08825 0.313354
5.05106 0.50765 1.09835 0.560555 0.589429 -2.07398 0.327366
5.10794 0.522262 1.03946 0.580645 0.558636 -2.05971 0.341378
5.15507 0.534736 0.988688 0.595584 0.536147 -2.04543 0.35539
5.2024 0.546769 0.938767 0.608919 0.516345 -2.03125 0.369492
5.24992 0.55703 0.890037 0.620314 0.499616 -2.01707 0.383594
5.30732 0.568889 0.836324 0.632179 0.482376 -2.00289 0.397696
5.35452 0.578263 0.790555 7.68367e-17 0.472475 -1.98871 0.411797
5.40141 0.58637 0.746477 1.29476e-16 0.465952 -1.97452 0.425899
5.45751 0.593714 0.698215 2.01212e-16 0.460441 -1.96034 0.440001
5.50522 0.598116 0.657423 1.93276e-16 0.460944 -1.94616 0.454103
5.55233 0.600031 0.619003 1.4026e-16 0.464952 -1.93285 0.46903
5.59997 0.580051 0.583583 7.28054e-17 0.473149 -1.92046 0.484728
5.65741 0.588118 0.547344 2.7987e-17 0.485099 -1.90903 0.501141
5.70469 0.606527 0.519878 7.54792e-18 0.50148 -1.8986 0.51821
5.75173 0.622268 0.496764 1.55935e-18 0.521193 -1.88922 0.535873
5.80777 0.637237 0.475079 2.33541e-19 0.544926 -1.88092 0.554067
5.85503 0.646717 0.461487 2.98918e-20 0.570623 -1.87153 0.57173
5.90197 0.654475 0.450441 3.35474e-21 0.597963 -1.86179 0.589198
5.9582 0.660974 0.441239 2.74667e-22 0.629245 -1.85205 0.606665
6.00566 1.23499e-15 0.437761 2.22108e-23 0.660683 -1.84231 0.624132
6.05303 1.19566e-15 0.438165 1.55949e-24 0.693885 -1.83154 0.640984
6.09965 9.29668e-16 0.441311 9.89829e-26 0.72835 -1.81978 0.657159
6.15613 5.53186e-16 0.4478 4.35539e-27 0.767394 -1.80707 0.672601
6.20295 2.70272e-16 0.456753 2.24362e-28 0.804468 -1.7942 0.687912
6.25058 9.86409e-17 0.469352 1.01038e-29 0.843222 -1.78133 0.703223
6.30747 2.21265e-17 0.488036 2.85037e-31 0.887823 -1.76846 0.718534
6.35459 4.40907e-18 0.5082 1.03644e-32 0.929251 -1.7556 0.733845
6.40229 6.66698e-19 0.531814 3.37126e-34 0.972072 -1.74273 0.749156
6.44972 7.93067e-20 0.558426 1.02022e-35 1.0158 -1.72897 0.763668
6.50729 5.84965e-21 0.591013 1.91862e-37 1.06546 -1.71522 0.778197
6.55454 4.68935e-22 0.622559 4.99223e-39 1.11108 -1.70148 0.792726
6.6018 3.10499e-23 0.656495 1.22482e-40 1.15742 -1.68773 0.807256
6.64929 1.68825e-24 0.692894 2.77968e-42 1.20474 -1.67399 0.821785
6.70595 4.97753e-26 0.736943 3.73139e-44 1.25863 -1.66025 0.836314
6.753 1.95847e-27 0.777385 7.66336e-46 1.3072 -1.6465 0.850843
6.80059 6.54409e-29 0.819869 1.46208e-47 1.35668 -1.63191 0.864522
6.85755 1.29432e-30 0.868909 1.68633e-49 1.41247 -1.61653 0.877301
6.90483 3.88992e-32 0.912719 2.99486e-51 1.46285 -1.6004 0.889135
6.9517 1.1454e-33 0.956784 5.24065e-53 1.51342 -1.5836 0.899981
7.00753 1.92606e-35 1.00785 5.37894e-55 1.57066 -1.56617 0.909799
7.05493 5.19951e-37 1.053 8.69615e-57 1.62222 -1.54819 0.918555
7.10231 1.37348e-38 1.09843 1.37124e-58 1.67409 -1.52972 0.926217
7.14939 3.67632e-40 1.14368 2.17491e-60 1.72589 -1.51082 0.932758
7.20628 5.36316e-42 1.19653 1.94416e-62 1.78486 -1.49156 0.938153
7.25265 1.47225e-43 1.24147 3.10659e-64 1.83656 -1.47201 0.942384
7.30783 2.35269e-45 1.29317 2.97491e-66 1.89467 -1.45225 0.945435
7.35408 6.67092e-47 1.33771 4.79177e-68 1.94628 -1.43233 0.947295
7.39988 1.96993e-48 1.38174 7.91363e-70 1.99757 -1.41234 0.947958
7.45497 3.30251e-50 1.43285 7.65531e-72 2.05555 -1.39235 0.947421
7.50059 1.03464e-51 1.47614 1.30188e-73 2.10648 -1.37243 0.945687
7.55533 1.84383e-53 1.52648 1.29914e-75 2.16407 -1.35264 0.94276
7.60122 6.1282e-55 1.56903 2.2747e-77 2.21463 -1.33307 0.938653
7.65613 1.16799e-56 1.61853 2.3543e-79 2.27176 -1.31378 0.933379
7.7016 4.31739e-58 1.65976 4.43912e-81 2.3214 -1.29459 0.927749
7.75635 8.39978e-60 1.709 4.6232e-83 2.37846 -1.27539 0.922119
7.80204 2.87915e-61 1.75117 8.17164e-85 2.4289 -1.2562 0.916488
7.85714 4.95498e-63 1.80195 7.65824e-87 2.48728 -1.23701 0.910858
7.90272 1.55724e-64 1.8452 1.25996e-88 2.53862 -1.21752 0.906389
7.95775 2.23454e-66 1.89825 1.02631e-90 2.59875 -1.19779 0.903097
8.00333 5.44222e-68 1.94468 1.40941e-92 2.65235 -1.1779 0.900994
8.04912 1.15996e-69 1.99279 1.76962e-94 2.70707 -1.15792 0.900087
8.10407 1.14889e-71 2.05047 1.12892e-96 2.77025 -1.13792 0.900057
8.14974 2.00016e-73 2.10111 1.25765e-98 2.82647 -1.11792 0.900048
8.20665 1.54309e-75 2.16192 6.58646e-101 2.89212 -1.09792 0.90004
8.2535 2.35198e-77 2.21421 6.55155e-103 2.94975 -1.07792 0.900032
8.29997 3.56336e-79 2.26658 6.51164e-105 3.00739 -1.05792 0.900024
8.35553 2.7587e-81 2.32735 3.46271e-107 3.07285 -1.03792 0.900016
8.40188 4.06604e-83 2.38006 3.38123e-109 3.13071 -1.01792 0.900013
8.45777 2.94271e-85 2.44167 1.69849e-111 3.19688 -0.997922 0.900011
8.50425 4.1568e-87 2.49492 1.60496e-113 3.25515 -0.977922 0.900009
8.55084 5.70137e-89 2.54853 1.48009e-115 3.31373 -0.957922 0.900007
8.60681 3.91377e-91 2.6108 7.12722e-118 3.38043 -0.937922 0.900004
8.6533 5.2446e-93 2.6647 6.46527e-120 3.43921 -0.917958 0.898803
8.69973 7.47167e-95 2.71785 5.99849e-122 3.49771 -0.898102 0.896406
8.75517 5.87417e-97 2.77842 3.06562e-124 3.56367 -0.878426 0.892824
8.80157 9.80031e-99 2.82958 3.0908e-126 3.62113 -0.859 0.888067
8.85718 8.85033e-101 2.88842 1.68868e-128 3.68625 -0.839894 0.882155
8.90012 1.73155e-102 2.9376 1.866e-130 3.74257 -0.821176 0.875107
8.95486 1.93262e-104 2.99379 1.17706e-132 3.80589 -0.802916 0.86695
9.00354 3.65653e-106 3.04338 4.32952e-134 3.84718 -0.785177 0.857712
9.05221 7.50307e-108 3.09196 1.44433e-134 3.8609 -0.768024 0.847428
9.10086 1.66874e-109 3.13954 5.15559e-135 3.87378 -0.751518 0.836133
9.14953 4.02715e-111 3.18609 1.97529e-135 3.88577 -0.735144 0.824649
9.20428 6.22108e-113 3.23822 7.64562e-136 3.89763 -0.718111 0.814167
9.25303 1.35573e-114 3.28604 2.73233e-136 3.91049 -0.700479 0.804726
9.30298 2.43492e-116 3.33629 9.05494e-137 3.9243 -0.682314 0.796359
9.35191 4.14008e-118 3.38722 2.79569e-137 3.93899 -0.663679 0.789096
9.40058 6.58695e-120 3.43898 8.08109e-138 3.9545 -0.644642 0.782964
9.449 9.65418e-122 3.49176 2.1981e-138 3.97078 -0.626008 0.775701
9.50374 9.57484e-124 3.54943 6.31987e-139 3.98636 -0.607842 0.767334
9.55239 1.62366e-125 3.6004 1.92818e-139 4.0012 -0.590211 0.757892
9.60106 2.98428e-127 3.65035 6.26559e-140 4.01525 -0.573177 0.747411
9.64976 5.96552e-129 3.69926 2.17597e-140 4.02847 -0.556392 0.736536
9.70448 7.82261e-131 3.75343 7.74202e-141 4.04139 -0.539607 0.725661
9.75284 1.63126e-132 3.80181 2.74356e-141 4.05435 -0.5222 0.715812
9.80126 3.05997e-134 3.85151 9.02137e-142 4.06826 -0.504234 0.707025
9.8499 5.09905e-136 3.9027 2.76534e-142 4.08304 -0.485773 0.699331
9.90462 4.89765e-138 3.96076 7.94087e-143 4.09863 -0.466884 0.692758
9.95327 6.723e-140 4.01437 2.14711e-143 4.11498 -0.447635 0.687329
10.0019 8.41058e-142 4.06913 5.49553e-144 4.13202 -0.428095 0.683065
10.0507 9.38827e-144 4.12532 1.33878e-144 4.14967 -0.408335 0.679979
10.0998 9.78285e-146 4.18237 3.12168e-145 4.16787 -0.388425 0.678084
10.1495 9.01044e-148 4.24097 7.00685e-146 4.18655 -0.368437 0.677387
10.1993 7.51337e-150 4.3008 1.52275e-146 4.20563 -0.348443 0.677889
10.2488 5.78414e-152 4.36164 3.22289e-147 4.22504 -0.328455 0.677191
10.3047 2.91389e-154 4.42777 6.99659e-148 4.24413 -0.308545 0.675296
10.3527 2.86218e-156 4.48556 1.56602e-148 4.26284 -0.288785 0.672211
10.4012 2.98211e-158 4.54261 3.63203e-149 4.28111 -0.269245 0.667946
10.4488 3.49556e-160 4.59819 8.77088e-150 4.29887 -0.249995 0.662518
10.5032 2.90984e-162 4.65805 2.21563e-150 4.31607 -0.231106 0.655944
10.5514 3.92972e-164 4.71186 5.88095e-151 4.33265 -0.212646 0.64825
10.5998 5.58953e-166 4.76502 1.64718e-151 4.34856 -0.194679 0.639463
10.6541 5.37521e-168 4.82307 4.88799e-152 4.36374 -0.177272 0.629614
10.7021 9.52389e-170 4.87349 1.54269e-152 4.37816 -0.160487 0.61874
10.75 1.81776e-171 4.92297 5.19695e-153 4.39176 -0.144385 0.606878
10.8041 2.41412e-173 4.97699 1.87501e-153 4.4045 -0.12831 0.594979
10.8525 4.92566e-175 5.02564 6.75864e-154 4.41726 -0.112234 0.583079
10.9005 1.02011e-176 5.0741 2.42703e-154 4.43006 -0.0961594 0.57118
10.9544 1.35944e-178 5.12808 8.6829e-155 4.44291 -0.0800844 0.559281
11.0023 2.82004e-180 5.17652 3.09485e-155 4.4558 -0.0640093 0.547382
11.0503 5.80488e-182 5.22506 1.09904e-155 4.46874 -0.0479342 0.535482
11.1043 7.55646e-184 5.27933 3.88863e-156 4.48173 -0.0311746 0.524568
11.1523 1.38256e-185 5.32934 1.27718e-156 4.49565 -0.0137906 0.514679
11.2007 2.28627e-187 5.38062 3.91176e-157 4.51044 0.00415506 0.50585
11.2494 3.29294e-189 5.43362 1.1227e-157 4.52604 0.0225979 0.498113
11.3044 2.76227e-191 5.49339 3.03477e-158 4.54239 0.0414714 0.491496
11.3536 3.24961e-193 5.54892 7.76678e-159 4.55943 0.0607078 0.486022
11.4026 3.55495e-195 5.60536 1.89217e-159 4.57708 0.0795814 0.479405
11.4515 4.2437e-197 5.66071 4.82705e-160 4.59416 0.0980242 0.471668
11.5005 5.43745e-199 5.71518 1.29518e-160 4.6106 0.11597 0.462839
11.5491 7.85565e-201 5.76814 3.6707e-161 4.62636 0.133354 0.452949
11.6042 7.70893e-203 5.82594 1.10327e-161 4.64139 0.150113 0.442035
11.6532 1.26673e-204 5.8773 3.53009e-162 4.65563 0.167497 0.432146
11.7022 1.91005e-206 5.92973 1.05524e-162 4.67073 0.185443 0.423317
11.7511 2.65229e-208 5.98319 2.96149e-163 4.68661 0.203886 0.41558
11.8002 3.3553e-210 6.03782 7.84306e-164 4.70322 0.222759 0.408963
11.8491 3.92234e-212 6.09343 1.97052e-164 4.72049 0.241996 0.403489
11.9004 3.12829e-214 6.15382 4.72245e-165 4.73834 0.261526 0.399179
11.9519 2.57377e-216 6.21383 1.0856e-165 4.75672 0.280762 0.393705
11.9987 3.22789e-218 6.26856 2.5958e-166 4.7746 0.299636 0.387088
12.0501 1.00384e-218 6.28316 6.48674e-167 4.79194 0.318079 0.379351
12.1015 4.77228e-219 6.29246 1.70181e-167 4.80866 0.336024 0.370521
12.1529 2.46384e-219 6.30072 4.7077e-168 4.82473 0.353408 0.360632
12.1994 1.38429e-219 6.30793 1.37885e-168 4.84008 0.371354 0.351803
12.2505 7.09152e-220 6.31629 3.79786e-169 4.85619 0.389797 0.344066
12.301 3.32154e-220 6.32577 9.88816e-170 4.87302 0.407742 0.335237
12.3514 1.68887e-220 6.33422 2.71293e-170 4.88918 0.425126 0.325348
12.4022 9.34182e-221 6.34162 7.87625e-171 4.90464 0.441886 0.314434
12.453 5.6319e-221 6.34795 2.42928e-171 4.91935 0.457961 0.302534
12.4991 3.70642e-221 6.35318 7.9898e-172 4.93325 0.474177 0.290828
12.5496 2.38447e-221 6.35869 2.58451e-172 4.94735 0.490394 0.279122
12.6003 1.52751e-221 6.36426 8.33616e-173 4.9615 0.50661 0.267416
12.651 9.74403e-222 6.36988 2.68107e-173 4.97568 0.522826 0.25571
12.7017 6.18953e-222 6.37555 8.5983e-174 4.98989 0.539042 0.244004
12.7521 3.91513e-222 6.38128 2.74973e-174 5.00414 0.555259 0.232298
12.8023 2.46609e-222 6.38706 8.76901e-175 5.01843 0.570744 0.21964
12.8528 1.6969e-222 6.39173 2.98776e-175 5.03189 0.585442 0.206077
12.8986 1.27701e-222 6.39528 1.09131e-175 5.04448 0.600117 0.192489
12.9493 9.59378e-223 6.39886 3.98104e-176 5.05708 0.614792 0.1789
12.9999 7.17567e-223 6.40249 1.44732e-176 5.06973 0.629467 0.165312
13.0508 5.34339e-223 6.40617 5.24406e-177 5.08242 0.644142 0.151723
13.1019 3.96147e-223 6.40991 1.8937e-177 5.09515 0.658817 0.138135
13.1529 2.92404e-223 6.41371 6.81566e-178 5.10793 0.67428 0.125451
13.1994 1.95689e-223 6.41873 2.27569e-178 5.12164 0.690476 0.113717
13.2504 1.18939e-223 6.42495 7.08055e-179 5.13623 0.707347 0.102975
13.3015 6.57881e-224 6.43235 2.06263e-179 5.15165 0.724831 0.0932641
13.3525 3.3196e-224 6.4409 5.65363e-180 5.16783 0.742866 0.0846192
13.3989 1.53233e-224 6.45057 1.46561e-180 5.1847 0.761387 0.0770714
13.45 6.49097e-225 6.4613 3.61251e-181 5.20221 0.780327 0.0706477
13.501 2.53204e-225 6.47307 8.5128e-182 5.22028 0.799619 0.0653714
13.552 9.13015e-226 6.48582 1.92859e-182 5.23884 0.819192 0.0612613
13.603 3.05567e-226 6.4995 4.2246e-183 5.25782 0.838976 0.0583323
13.6493 9.53345e-227 6.51406 8.99931e-184 5.27715 0.858901 0.0565949
13.7002 2.78553e-227 6.52944 1.87515e-184 5.29675 0.878685 0.0536659
13.7512 8.65534e-228 6.54405 3.99197e-185 5.31609 0.898258 0.0495558
13.8022 2.87101e-228 6.55785 8.72919e-186 5.33509 0.91755 0.0442795
13.8486 1.02028e-228 6.57078 1.97084e-186 5.35369 0.91755 0.0442795
13.8996 1.02028e-228 6.57078 1.97084e-186 5.35369 0.91755 0.0442795
13.9506 1.02028e-228 6.57078 1.97084e-186 5.35369 0.91755 0.0442795
14.0016 1.02028e-228 6.57078 1.97084e-186 5.35369 0.91755 0.0442795
14.0526 1.02028e-228 6.57078 1.97084e-186 5.35369 0.91755 0.0442795
