0.100000  0.005204  7.400000  0.007571  6.923962
0.200000  0.005502  7.329278  0.008450  6.784935
0.300000  0.006124  7.194876  0.009425  6.646865
0.400000  0.006817  7.060405  0.010513  6.508937
0.500000  0.007589  6.925982  0.011726  6.371047
0.600000  0.008447  6.791610  0.013079  6.233199
0.700000  0.009404  6.657289  0.014588  6.095394
0.800000  0.010468  6.523022  0.016271  5.957637
0.900000  0.011653  6.388810  0.018149  5.819932
1.000000  0.012958  6.254654  0.020190  5.682282
1.100000  0.014425  6.120557  0.022520  5.544691
1.200000  0.016057  5.986521  0.025116  5.407164
1.300000  0.017859  5.852547  0.027942  5.269707
1.400000  0.019869  5.718437  0.031083  5.132545
1.500000  0.022121  5.584400  0.034659  4.995467
1.600000  0.024612  5.450437  0.038552  4.858480
1.700000  0.027386  5.316553  0.042883  4.721592
1.800000  0.030466  5.182750  0.047593  4.584811
1.900000  0.033903  5.049034  0.052938  4.448148
2.000000  0.037727  4.915406  0.058758  4.311613
2.100000  0.041987  4.781873  0.065224  4.175218
2.200000  0.046729  4.648439  0.072407  4.038977
2.300000  0.052008  4.514927  0.080375  3.903155
2.400000  0.057925  4.381531  0.088942  3.767523
2.500000  0.064475  4.248258  0.098490  3.632101
2.600000  0.071629  4.115116  0.109266  3.496911
2.700000  0.079381  3.982113  0.121709  3.361978
2.800000  0.087914  3.849258  0.135402  3.227330
2.900000  0.097295  3.716561  0.150435  3.093001
3.000000  0.107595  3.584035  0.166892  2.959027
3.100000  0.118884  3.451693  0.184856  2.825451
3.200000  0.131254  3.319396  0.204363  2.692628
3.300000  0.144766  3.187324  0.225501  2.560324
3.400000  0.159497  3.055496  0.248316  2.428609
3.500000  0.175522  2.923936  0.272833  2.297565
3.600000  0.192914  2.792668  0.299054  2.167290
3.700000  0.211741  2.661724  0.326949  2.037899
3.800000  0.232065  2.531139  0.356454  1.909533
3.900000  0.253949  2.400843  0.387370  1.782736
4.000000  0.277419  2.271011  0.419614  1.657360
4.100000  0.302500  2.141702  0.452977  1.533656
4.200000  0.329196  2.012984  0.487187  1.411937
4.300000  0.357491  1.884943  0.521907  1.292589
4.400000  0.387340  1.757680  0.556721  1.176093
4.500000  0.418647  1.631275  0.590937  1.063547
4.600000  0.451303  1.505954  0.624097  0.955259
4.700000  0.485149  1.381911  0.655461  0.852186
4.800000  0.519981  1.259389  0.684113  0.755524
4.900000  0.555534  1.138695  0.708892  0.666745
5.000000  0.591482  1.020224  0.728245  0.587626
5.100000  0.627312  0.904574  0.739607  0.520882
5.200000  0.662578  0.792385  0.739808  0.468113
5.300000  0.696629  0.684544  0.722928  0.431472
5.400000  0.728625  0.582216  0.681322  0.412718
5.500000  0.757411  0.486935  0.681226  0.412852
5.600000  0.780963  0.401017  0.667154  0.432532
5.700000  0.796542  0.326757  0.640757  0.470021
5.800000  0.798217  0.267119  0.000000  0.523543
5.900000  0.822151  0.224701  0.000000  0.590400
6.000000  0.838808  0.203263  0.000000  0.669530
