0.100000  0.107216  3.404997  0.003439  6.966373
0.200000  0.120077  3.265581  0.003878  6.827287
0.300000  0.134374  3.127015  0.004378  6.688282
0.400000  0.150177  2.989740  0.004947  6.549740
0.500000  0.167535  2.854203  0.005595  6.412045
0.600000  0.186461  2.720857  0.006329  6.275577
0.700000  0.206945  2.590027  0.007158  6.140622
0.800000  0.229276  2.459454  0.008096  6.005597
0.900000  0.253466  2.329635  0.009157  5.870809
1.000000  0.279622  2.200176  0.010357  5.735946
1.100000  0.307778  2.071142  0.011715  5.601008
1.200000  0.337937  1.942607  0.013250  5.465994
1.300000  0.369967  1.815149  0.014985  5.331216
1.400000  0.403876  1.688408  0.016946  5.196358
1.500000  0.439541  1.562525  0.019164  5.061421
1.600000  0.476789  1.437673  0.021669  4.926404
1.700000  0.515232  1.314600  0.024500  4.791621
1.800000  0.554696  1.193073  0.027697  4.656753
1.900000  0.594813  1.073450  0.031306  4.521802
2.000000  0.635140  0.956190  0.035381  4.386767
2.100000  0.675152  0.841891  0.039978  4.251649
2.200000  0.714007  0.731953  0.045159  4.116759
2.300000  0.751194  0.626840  0.050999  3.981781
2.400000  0.785881  0.527932  0.057575  3.846716
2.500000  0.817075  0.437039  0.064976  3.711563
2.600000  0.843233  0.357172  0.073293  3.576636
2.700000  0.862942  0.290507  0.082635  3.441618
2.800000  0.873588  0.240233  0.093115  3.306510
2.900000  0.870377  0.209455  0.104858  3.171312
3.000000  0.842871  0.200467  0.117996  3.036024
3.100000  0.000000  0.210807  0.175797  2.899164
3.200000  0.000000  0.240250  0.194425  2.761097
3.300000  0.000000  0.287212  0.214873  2.622214
3.400000  0.000000  0.349244  0.226283  2.482930
3.500000  0.000000  0.423610  0.249362  2.343683
3.600000  0.000000  0.507700  0.273616  2.204936
3.700000  0.000000  0.599230  0.300163  2.067180
3.800000  0.000000  0.696300  0.327599  1.930930
3.900000  0.000000  0.797354  0.357082  1.796733
4.000000  0.000000  0.901132  0.387685  1.665165
4.100000  0.000000  1.006607  0.419061  1.536839
4.200000  0.000000  1.112936  0.451651  1.412400
4.300000  0.000000  1.221573  0.484010  1.290578
4.400000  0.000000  1.332972  0.517943  1.170817
4.500000  0.000000  1.447244  0.552491  1.052922
4.600000  0.000000  1.563959  0.586243  0.937357
4.700000  0.000000  1.682198  0.620425  0.825338
4.800000  0.000000  1.802270  0.653638  0.717067
4.900000  0.000000  1.923935  0.683776  0.613592
5.000000  0.000000  2.046459  0.711431  0.516963
5.100000  0.000000  2.170238  0.733652  0.428342
5.200000  0.000000  2.295131  0.744762  0.350030
5.300000  0.000000  2.420508  0.775468  0.285529
5.400000  0.000000  2.546802  0.812446  0.237251
5.500000  0.000000  2.673925  0.834979  0.208180
5.600000  0.000000  2.801802  0.840976  0.200482
5.700000  0.000000  2.932733  0.832158  0.211807
